----------------------------
--------  GA算法   ---------
----------------------------
P1: 总的开销：10052
Status of facilities: 
1 0 1 1 0 1 1 1 1 1 
The assignment of customers to facilities: 
5 2 8 2 9 9 5 6 3 2 6 3 0 0 6 9 5 0 3 9 7 6 3 5 6 9 5 7 0 3 3 8 2 0 3 7 9 3 6 8 5 7 8 8 5 7 0 2 5 6 
----------------------------
P2: 总的开销：9093
Status of facilities: 
1 1 1 1 1 1 1 1 1 1 
The assignment of customers to facilities: 
5 7 8 2 9 9 5 6 3 2 6 3 4 0 6 4 5 0 3 9 7 6 3 5 6 9 5 7 3 3 3 8 2 1 3 7 9 3 6 4 5 1 8 8 1 7 0 2 4 6 
----------------------------
P3: 总的开销：10873
Status of facilities: 
1 0 1 1 1 1 1 1 0 1 
The assignment of customers to facilities: 
5 7 0 2 9 9 5 6 3 2 6 3 4 0 6 4 5 0 3 2 0 3 3 0 7 5 9 6 5 3 6 7 9 0 3 7 9 3 6 4 5 4 0 2 5 7 0 2 4 6 
----------------------------
P4: 总的开销：12209
Status of facilities: 
1 0 1 1 0 1 1 0 1 1 
The assignment of customers to facilities: 
5 2 8 2 9 9 5 6 3 2 6 3 0 0 6 9 5 0 3 9 8 6 3 5 6 9 5 9 0 3 3 0 2 0 3 8 9 3 6 6 5 2 8 2 5 3 0 2 5 6 
----------------------------
P5: 总的开销：10902
Status of facilities: 
1 1 1 1 0 1 1 0 1 1 
The assignment of customers to facilities: 
1 2 8 2 9 9 5 9 3 2 6 6 0 0 6 9 5 6 3 0 8 0 3 5 6 2 5 5 0 3 3 8 5 1 3 1 9 1 9 8 8 1 8 8 1 3 0 2 5 6 
----------------------------
P6: 总的开销：9681
Status of facilities: 
1 1 1 1 0 1 1 0 1 1 
The assignment of customers to facilities: 
5 2 8 2 9 9 5 6 3 2 6 3 0 0 6 9 5 0 2 9 8 1 8 8 1 1 8 6 3 9 8 3 1 2 8 3 3 0 9 5 9 6 6 3 6 3 0 2 0 0 
----------------------------
P7: 总的开销：11228
Status of facilities: 
1 1 1 1 0 1 1 1 1 1 
The assignment of customers to facilities: 
5 7 8 2 9 9 2 6 7 2 6 3 0 0 6 9 5 0 3 9 7 6 3 5 6 9 5 9 0 3 3 8 2 1 3 7 9 3 6 8 5 7 8 8 1 7 0 2 5 8 
----------------------------
P8: 总的开销：15589
Status of facilities: 
0 1 1 0 1 1 1 1 1 1 
The assignment of customers to facilities: 
5 7 8 2 9 2 5 6 7 2 6 6 5 5 6 2 2 6 8 9 7 9 1 9 8 9 8 7 1 1 7 8 6 9 6 8 9 1 6 1 1 7 1 2 1 7 8 5 4 4 
----------------------------
P9: 总的开销：9767
Status of facilities: 
0 1 0 1 0 1 1 0 1 1 
The assignment of customers to facilities: 
5 5 8 8 9 9 5 6 3 3 6 3 3 9 6 9 5 6 3 9 8 6 1 5 8 9 5 9 3 3 3 8 5 1 3 8 9 3 6 8 5 1 8 8 1 3 8 3 5 6 
----------------------------
P10: 总的开销：9047
Status of facilities: 
1 0 1 1 0 1 1 1 1 1 
The assignment of customers to facilities: 
5 7 8 2 9 9 5 6 3 2 6 3 0 0 6 9 5 0 3 9 7 6 3 5 6 9 5 7 0 5 8 6 3 9 7 3 0 2 8 3 3 7 8 8 8 7 0 2 5 6 
----------------------------
P11: 总的开销：10717
Status of facilities: 
1 0 1 1 1 1 1 1 1 1 
The assignment of customers to facilities: 
5 7 8 2 9 9 5 6 3 2 6 3 4 0 6 4 5 0 3 9 7 6 3 5 6 9 5 7 0 3 3 8 2 0 3 7 9 3 6 4 5 7 8 8 5 7 0 2 4 6 
----------------------------
P12: 总的开销：13160
Status of facilities: 
1 0 0 1 1 1 0 0 0 1 
The assignment of customers to facilities: 
5 5 0 3 9 9 5 9 3 0 3 3 4 0 0 9 5 0 3 9 3 3 3 5 4 9 5 9 0 0 9 0 5 4 0 0 9 3 9 4 5 4 4 4 5 3 0 3 4 4 
----------------------------
P13: 总的开销：10537
Status of facilities: 
1 1 1 0 1 0 0 0 0 1 0 0 0 0 0 1 1 1 1 1 
The assignment of customers to facilities: 
16 2 1 18 4 4 19 16 18 4 18 18 17 0 15 19 4 9 0 1 19 16 4 9 19 17 15 16 17 4 1 0 17 4 2 1 0 15 0 16 0 2 16 19 4 4 17 15 2 18 
----------------------------
P14: 总的开销：8376
Status of facilities: 
1 0 0 1 1 1 1 0 0 0 0 1 0 0 1 1 0 0 1 0 
The assignment of customers to facilities: 
0 6 14 18 4 14 3 18 15 14 3 5 4 15 3 6 0 15 11 6 0 5 0 4 6 0 4 6 5 11 15 3 14 14 4 14 6 3 0 0 4 3 15 6 15 5 18 4 5 11 
----------------------------
P15: 总的开销：11449
Status of facilities: 
1 0 0 0 1 0 1 0 1 1 1 1 1 0 1 0 0 0 0 0 
The assignment of customers to facilities: 
0 11 14 10 4 14 12 11 10 4 11 14 8 6 12 8 4 0 12 11 8 14 4 9 14 10 4 0 9 6 4 0 6 4 0 8 0 6 11 11 0 6 11 8 6 4 12 14 8 8 
----------------------------
P16: 总的开销：12277
Status of facilities: 
1 0 0 0 1 0 1 1 0 1 0 0 1 0 0 1 0 1 0 0 
The assignment of customers to facilities: 
0 6 15 15 7 7 12 6 17 4 9 7 17 12 12 17 4 0 12 17 6 4 4 9 17 17 15 7 17 6 4 0 17 4 0 15 0 6 6 12 0 6 7 17 4 7 0 15 15 7 
----------------------------
P17: 总的开销：9932
Status of facilities: 
1 1 0 0 0 0 1 0 1 1 0 0 1 1 1 0 0 0 0 0 
The assignment of customers to facilities: 
0 6 1 13 8 14 12 8 8 6 9 9 8 0 12 13 0 0 12 1 8 14 9 9 14 13 13 0 9 6 1 8 6 13 9 8 0 6 6 1 0 13 1 8 6 14 12 14 1 9 
----------------------------
P18: 总的开销：9510
Status of facilities: 
1 1 0 0 1 0 1 0 1 1 0 1 0 1 0 0 1 0 0 0 
The assignment of customers to facilities: 
0 6 1 13 8 4 0 11 8 4 11 9 8 6 11 13 4 0 0 1 1 4 13 6 9 4 4 16 9 6 1 0 6 4 0 8 0 6 11 16 0 6 16 8 8 16 8 16 13 8 
----------------------------
P19: 总的开销：11392
Status of facilities: 
1 0 0 0 0 0 0 0 1 1 0 1 1 0 1 1 0 0 0 1 
The assignment of customers to facilities: 
0 11 14 15 8 14 12 11 19 14 11 9 8 12 12 19 0 0 12 11 19 14 9 9 19 8 15 0 19 19 8 0 15 11 0 8 0 15 11 15 0 11 19 19 8 12 12 14 15 8 
----------------------------
P20: 总的开销：12538
Status of facilities: 
1 0 0 0 1 0 0 0 1 1 0 1 1 0 0 1 0 0 0 1 
The assignment of customers to facilities: 
0 11 11 15 4 4 12 11 19 4 11 9 8 11 12 19 4 0 12 11 15 4 4 9 19 8 15 19 19 19 8 0 15 4 0 8 0 15 11 15 0 15 19 19 4 12 12 8 8 8 
----------------------------
P21: 总的开销：10228
Status of facilities: 
1 1 0 0 1 0 0 0 1 1 0 0 0 1 0 0 1 0 0 0 
The assignment of customers to facilities: 
0 13 1 13 8 4 0 8 8 4 9 9 8 0 13 13 4 13 0 1 8 16 4 9 4 13 4 16 9 4 1 0 0 4 9 1 0 0 0 1 16 13 16 8 4 16 1 8 13 8 
----------------------------
P22: 总的开销：8976
Status of facilities: 
1 1 0 0 1 0 1 0 1 1 1 1 0 0 0 0 0 0 0 0 
The assignment of customers to facilities: 
0 6 1 10 4 11 10 11 10 4 11 9 8 6 11 8 4 0 0 1 8 4 4 9 6 8 4 0 9 6 1 0 6 4 0 8 0 6 11 1 0 6 1 8 4 4 1 6 1 8 
----------------------------
P23: 总的开销：9717
Status of facilities: 
1 1 0 0 1 0 1 1 0 0 0 0 0 0 1 1 0 1 1 0 
The assignment of customers to facilities: 
0 6 1 18 7 14 18 18 18 4 18 18 17 6 15 17 4 0 0 1 15 14 4 14 14 17 15 7 17 6 1 0 17 4 0 1 0 6 6 1 0 6 1 17 4 7 17 14 1 18 
----------------------------
P24: 总的开销：11399
Status of facilities: 
1 1 0 0 1 0 0 1 0 0 0 1 0 0 0 0 0 0 0 1 
The assignment of customers to facilities: 
0 11 1 1 7 7 19 11 19 4 11 7 11 11 11 19 4 0 0 1 19 4 4 7 19 19 4 7 19 4 1 0 0 4 0 1 0 0 11 1 0 11 19 19 4 7 1 11 1 7 
----------------------------
P25: 总的开销：15272
Status of facilities: 
0 0 0 0 1 0 1 1 1 0 1 0 0 1 0 0 0 0 1 0 0 1 0 0 1 0 1 0 0 0 
The assignment of customers to facilities: 
21 18 21 21 26 10 8 18 21 4 26 21 18 21 4 21 8 8 21 4 21 10 18 13 4 13 7 8 8 10 4 18 18 13 8 4 7 18 13 4 13 7 8 13 24 26 13 8 18 24 13 7 18 13 24 7 7 6 7 7 4 7 18 24 4 8 7 24 18 26 4 7 18 24 4 7 26 18 18 10 4 21 8 8 4 21 8 24 7 8 4 13 8 10 4 26 13 24 10 13 4 13 10 10 4 10 8 8 8 13 10 13 8 8 13 10 8 8 10 13 10 13 8 26 13 10 18 8 13 26 10 13 8 10 13 10 18 8 8 13 8 13 18 10 4 10 8 8 8 8 
----------------------------
P26: 总的开销：16072
Status of facilities: 
0 0 0 0 1 1 0 0 1 1 1 0 0 1 0 0 0 0 0 0 1 1 1 0 0 0 0 1 0 0 
The assignment of customers to facilities: 
21 21 21 21 9 8 21 8 21 21 8 21 8 21 5 8 8 8 8 5 21 8 8 8 5 5 8 8 5 5 8 4 9 8 13 8 8 8 8 5 8 13 8 21 9 22 13 8 5 13 8 13 20 22 4 9 22 13 13 5 9 9 13 8 13 9 8 13 22 9 22 8 13 22 13 10 10 13 22 13 5 9 13 22 5 10 22 22 22 22 9 22 13 13 9 9 9 13 22 5 13 8 8 8 13 9 8 9 5 5 22 20 9 5 9 22 20 9 9 5 27 20 9 5 9 22 20 9 5 9 10 13 9 9 13 22 27 9 10 9 20 13 10 10 4 22 20 27 5 9 
----------------------------
P27: 总的开销：22221
Status of facilities: 
0 0 1 0 1 1 0 1 1 1 0 0 0 1 1 0 1 0 0 1 1 1 1 1 1 0 0 0 0 0 
The assignment of customers to facilities: 
21 21 8 22 20 22 13 8 21 14 8 2 24 21 9 14 21 19 7 9 8 13 8 7 5 14 20 8 7 13 2 13 8 9 4 23 21 21 2 9 8 13 2 19 22 24 2 8 7 7 4 16 9 7 4 22 8 5 5 8 22 13 8 7 5 4 16 22 7 14 20 19 8 7 5 14 20 8 7 4 2 13 8 9 4 21 9 21 4 9 4 13 8 7 4 23 13 8 7 5 4 4 22 7 4 22 8 8 8 5 22 8 8 5 7 22 8 8 5 5 22 8 8 5 5 22 8 8 5 5 22 13 8 5 9 21 20 9 4 13 4 13 22 9 21 22 8 8 5 5 
----------------------------
P28: 总的开销：27695
Status of facilities: 
0 0 1 0 1 1 0 1 1 0 0 0 0 0 0 1 1 0 1 0 1 1 0 0 0 1 0 0 0 0 
The assignment of customers to facilities: 
21 18 21 21 21 21 21 18 21 21 21 21 18 25 15 18 21 18 5 5 20 2 18 5 5 5 20 5 5 5 2 25 18 25 4 20 20 18 25 5 25 2 15 18 4 4 20 18 5 5 8 20 8 7 7 8 20 8 15 5 8 20 8 7 7 4 5 20 7 4 8 15 8 7 4 8 7 8 7 7 4 8 8 7 4 8 8 8 7 5 4 8 8 7 4 8 8 8 4 5 4 5 20 7 4 8 20 8 8 16 8 20 8 5 16 8 20 8 7 5 4 20 8 8 4 20 20 8 15 4 4 20 16 25 4 18 20 18 4 25 2 2 16 25 4 21 20 8 15 2 
----------------------------
P29: 总的开销：21444
Status of facilities: 
0 0 0 1 1 1 1 1 1 1 1 1 0 1 0 0 1 0 1 0 1 1 0 0 1 0 0 1 1 0 
The assignment of customers to facilities: 
20 10 21 4 20 8 21 8 21 13 21 8 8 7 28 8 8 27 21 5 21 20 8 11 13 21 20 9 7 6 11 13 11 9 4 21 10 27 11 8 4 21 20 21 4 10 20 6 7 7 8 13 9 7 9 20 3 21 3 5 10 27 8 9 5 11 13 20 21 5 3 27 8 21 5 10 7 9 7 9 11 13 11 9 13 4 10 24 11 11 11 13 8 9 4 11 27 9 16 4 11 13 28 21 24 10 20 18 7 5 7 20 16 9 13 10 13 9 9 7 7 20 6 8 13 10 3 5 3 8 10 13 8 7 7 18 18 18 5 13 8 13 18 7 5 18 20 6 21 5 
----------------------------
P30: 总的开销：21793
Status of facilities: 
0 1 1 0 1 0 0 1 1 1 1 1 0 1 1 0 1 0 1 0 1 1 1 1 1 1 0 1 0 0 
The assignment of customers to facilities: 
22 8 21 8 20 8 21 8 9 14 21 27 8 7 9 22 16 9 7 9 23 27 16 16 9 18 20 8 11 27 11 13 20 10 13 23 16 27 11 9 2 13 10 9 1 10 2 14 27 7 24 13 10 7 9 21 1 4 25 16 10 13 18 7 9 14 25 10 21 21 22 22 10 25 23 21 7 9 7 13 14 24 16 9 14 9 9 25 2 7 8 16 8 21 1 10 13 24 21 9 13 13 10 14 11 22 27 8 16 13 10 7 16 25 7 10 27 16 25 7 21 27 16 7 13 1 27 8 8 8 22 13 8 7 7 21 27 8 7 25 4 2 18 18 4 18 20 27 16 7 
----------------------------
P31: 总的开销：22609
Status of facilities: 
0 0 1 0 1 1 0 1 1 1 1 0 0 1 0 1 0 0 1 0 1 1 0 0 0 1 0 1 0 0 
The assignment of customers to facilities: 
18 27 4 25 25 10 13 18 7 13 21 13 27 25 13 21 13 9 10 13 21 27 8 25 13 18 18 18 13 27 4 13 18 18 4 21 8 18 21 9 4 13 18 7 4 7 8 8 7 7 8 8 9 9 9 21 13 9 15 8 8 8 8 7 13 4 8 15 7 4 8 15 8 18 4 10 2 8 5 7 2 2 10 9 9 18 18 18 18 13 2 2 18 10 4 20 20 18 21 5 2 27 2 10 21 10 27 8 25 5 10 27 27 7 9 10 27 9 9 9 10 20 8 15 9 10 7 9 15 2 10 2 9 7 9 10 27 27 15 5 15 2 15 10 21 10 27 27 15 5 
----------------------------
P32: 总的开销：23370
Status of facilities: 
0 0 0 0 1 1 0 1 1 1 1 0 0 1 0 1 0 0 1 0 1 1 0 0 0 0 0 1 0 0 
The assignment of customers to facilities: 
21 18 7 4 5 10 13 18 5 4 8 13 15 21 13 21 27 8 10 9 21 27 8 21 5 7 27 8 5 5 4 13 10 10 4 21 20 21 13 7 8 21 15 18 15 7 27 8 7 7 8 13 8 10 13 20 20 18 9 27 27 9 9 9 27 10 9 9 9 20 10 9 7 27 20 4 4 10 20 4 4 5 7 18 27 20 4 7 20 21 4 20 7 8 8 8 4 7 8 8 4 7 7 8 7 4 21 18 18 8 20 21 21 18 5 8 4 7 8 13 10 5 4 7 9 10 27 9 15 9 10 27 9 9 13 10 27 27 15 5 15 13 15 18 4 10 27 27 15 13 
----------------------------
P33: 总的开销：15155
Status of facilities: 
0 0 0 0 1 1 1 1 1 0 0 0 0 1 0 0 0 0 1 0 0 1 0 0 1 0 1 0 0 0 
The assignment of customers to facilities: 
21 21 26 4 26 4 21 18 21 4 26 21 18 21 13 21 21 18 21 4 21 8 18 21 13 5 18 5 26 26 4 13 18 21 4 21 18 21 4 7 4 21 18 21 4 7 7 6 7 7 4 13 18 7 13 18 18 5 13 5 24 13 8 7 13 4 13 18 7 4 8 13 18 18 4 24 7 8 7 7 4 13 18 7 4 21 8 24 7 5 4 13 8 7 13 26 13 24 7 5 4 13 18 7 18 24 8 8 8 5 24 13 8 5 7 24 8 8 7 5 7 7 8 5 7 21 8 8 13 26 24 13 8 5 7 24 8 8 5 5 8 13 18 18 13 6 8 24 8 8 
----------------------------
P34: 总的开销：16363
Status of facilities: 
0 0 0 0 0 1 0 1 1 1 1 0 0 1 0 1 1 0 0 1 0 1 1 0 0 1 0 0 0 0 
The assignment of customers to facilities: 
21 8 21 15 19 8 21 8 21 13 8 21 8 21 8 8 8 8 21 21 21 8 8 21 8 21 8 8 8 8 8 21 8 21 21 21 8 8 7 25 25 19 15 21 21 7 7 19 7 7 22 13 16 7 13 22 16 16 13 16 22 13 16 7 13 13 13 22 7 22 15 22 15 7 15 22 7 16 7 7 22 13 10 7 13 21 10 13 7 19 22 13 10 7 13 22 13 16 7 16 13 13 22 7 22 22 16 16 7 13 22 16 16 7 13 22 16 16 25 5 10 7 16 5 7 22 16 5 13 25 10 16 16 25 13 22 16 9 25 25 15 19 15 10 9 10 16 9 15 25 
----------------------------
P35: 总的开销：23271
Status of facilities: 
1 1 1 0 0 1 0 1 1 1 1 1 0 1 1 0 1 0 1 0 1 1 0 1 1 0 0 1 0 1 
The assignment of customers to facilities: 
23 8 29 7 8 8 13 18 10 1 8 27 24 7 14 8 16 27 10 16 23 27 27 8 5 18 20 8 24 7 8 24 8 9 1 20 16 13 11 13 8 13 11 10 14 7 7 16 1 7 29 13 8 7 13 29 2 5 5 2 10 27 16 16 8 0 21 21 10 8 24 8 5 7 29 0 10 7 7 8 0 10 5 13 29 0 29 7 5 8 0 29 13 5 16 16 10 13 5 8 8 29 13 5 29 13 24 9 10 10 24 20 16 16 8 21 20 1 7 10 2 24 8 7 27 18 21 9 10 10 24 8 7 7 8 7 24 21 18 27 9 11 21 10 10 5 11 14 7 13 
----------------------------
P36: 总的开销：27184
Status of facilities: 
0 0 0 0 1 1 0 1 1 1 0 0 0 1 0 0 0 0 1 0 0 1 0 0 0 0 0 0 0 0 
The assignment of customers to facilities: 
21 18 4 4 4 4 21 18 7 13 21 8 9 7 5 4 8 18 9 21 4 21 18 5 5 21 18 5 21 21 21 21 18 21 21 5 18 21 5 5 21 21 18 21 21 8 7 8 7 9 8 5 9 9 13 21 18 21 8 8 4 13 18 7 9 8 5 8 7 4 13 13 8 4 4 8 7 8 5 7 8 13 18 18 13 9 8 18 9 9 8 13 8 7 4 7 9 13 9 8 13 13 8 7 4 8 13 8 8 5 8 13 8 7 7 4 13 9 7 5 7 7 9 5 7 7 13 9 13 5 4 13 9 7 7 7 13 9 5 5 4 13 18 18 4 18 13 9 7 9 
----------------------------
P37: 总的开销：20071
Status of facilities: 
1 1 1 0 1 1 0 1 1 1 1 1 1 1 1 0 1 0 1 0 0 0 0 0 1 0 0 1 0 1 
The assignment of customers to facilities: 
8 27 27 16 5 8 2 8 10 5 8 13 8 16 1 8 16 8 7 5 10 13 8 16 5 10 0 16 18 8 24 12 8 5 24 16 2 4 9 8 13 10 11 0 27 13 8 4 7 10 13 2 7 7 8 12 24 4 16 24 8 2 4 7 8 13 2 9 5 8 13 10 9 8 5 0 29 13 7 8 13 10 7 1 8 0 10 14 18 10 24 14 5 7 24 16 4 4 7 10 16 11 0 8 18 24 27 16 7 5 29 16 8 1 7 24 16 8 7 5 24 12 8 8 12 1 1 29 7 5 10 13 9 5 7 29 16 8 5 9 2 13 18 9 1 10 13 8 5 13 
----------------------------
P38: 总的开销：17075
Status of facilities: 
1 1 1 0 0 1 0 1 1 0 1 0 0 1 0 0 1 0 0 1 1 0 1 0 1 0 0 0 0 0 
The assignment of customers to facilities: 
8 0 7 7 7 8 2 8 7 5 8 2 8 7 5 22 8 8 5 1 22 0 8 5 5 22 8 8 5 5 8 2 10 7 5 8 0 24 7 8 8 13 22 10 5 22 2 8 5 7 10 2 8 7 7 24 0 8 7 7 22 13 8 7 7 8 2 22 7 5 22 0 24 7 1 22 0 8 7 7 22 13 8 7 1 8 16 8 7 7 8 2 8 7 1 20 13 8 7 16 0 2 22 7 24 22 0 8 5 5 10 0 16 5 7 22 20 24 5 5 22 0 19 5 7 22 20 24 7 5 22 13 8 7 7 22 20 8 5 5 8 2 10 10 1 10 0 8 7 5 
----------------------------
P39: 总的开销：13342
Status of facilities: 
0 0 0 0 1 1 0 1 1 0 0 0 0 1 0 0 0 0 1 0 0 1 1 0 0 0 0 0 0 0 
The assignment of customers to facilities: 
21 18 8 8 8 8 22 4 18 18 13 8 5 7 8 18 22 7 7 8 13 22 5 13 8 18 22 7 5 8 7 7 5 7 8 8 22 7 5 8 13 22 5 8 8 8 22 4 7 22 13 4 5 7 18 13 8 4 7 8 13 4 5 7 8 8 8 4 7 18 13 4 7 7 8 7 22 4 18 18 22 8 4 7 22 13 4 13 7 8 13 22 5 13 5 18 18 13 7 8 13 4 7 7 18 13 22 4 7 18 21 4 5 4 21 18 21 4 7 22 13 4 13 5 8 18 22 7 21 8 8 21 4 7 18 8 21 21 21 18 21 21 4 21 18 21 8 5 21 5 
----------------------------
P40: 总的开销：17602
Status of facilities: 
0 0 0 0 0 0 0 1 1 0 0 0 0 1 0 0 0 0 1 0 0 1 1 0 0 0 0 0 0 0 
The assignment of customers to facilities: 
21 8 21 21 8 8 21 18 21 7 21 21 18 21 21 21 21 8 21 21 21 8 18 21 8 22 8 8 7 13 8 13 22 7 21 21 8 21 7 13 8 13 8 21 21 7 7 8 7 7 22 13 8 7 13 21 18 8 13 13 22 13 18 7 13 13 13 22 7 22 22 22 18 21 13 22 7 8 7 7 22 13 18 7 13 22 13 13 7 8 22 13 18 7 13 22 13 18 7 13 13 13 22 7 22 22 8 8 7 13 22 13 8 7 7 22 8 8 7 13 7 7 8 7 7 22 8 8 7 8 22 13 8 7 13 22 8 22 7 22 8 13 22 7 22 22 8 8 8 7 
----------------------------
P41: 总的开销：8992
Status of facilities: 
1 1 1 1 1 1 1 1 1 1 
The assignment of customers to facilities: 
2 8 8 1 6 8 4 3 0 3 9 3 8 9 1 7 8 6 4 4 5 5 8 6 6 7 7 7 7 9 4 3 7 3 4 8 2 0 7 1 9 0 9 1 0 0 0 5 1 5 7 3 9 0 3 9 0 7 8 3 5 2 6 7 6 5 5 1 5 3 5 8 9 8 9 0 6 7 3 9 0 5 1 5 5 0 4 5 6 6 
----------------------------
P42: 总的开销：8361
Status of facilities: 
1 1 1 0 1 1 1 0 1 1 0 1 0 0 1 0 1 0 1 0 
The assignment of customers to facilities: 
6 18 0 6 9 8 0 6 8 8 16 5 2 6 2 5 2 6 2 2 1 2 5 4 14 11 9 8 6 18 0 6 11 5 6 18 18 2 4 4 1 14 18 16 18 6 4 4 8 5 16 11 2 8 2 5 18 14 18 14 4 11 9 18 6 4 16 11 9 8 11 6 11 11 6 18 4 11 9 18 
----------------------------
P43: 总的开销：7350
Status of facilities: 
0 1 0 1 1 0 1 1 0 0 0 1 0 0 0 0 0 1 0 0 0 1 0 0 0 0 0 0 1 0 
The assignment of customers to facilities: 
1 21 21 6 17 21 3 6 3 28 6 11 21 4 28 11 28 17 21 6 17 6 21 6 6 17 7 1 7 11 6 11 1 11 6 17 7 1 1 21 3 7 7 11 11 3 6 6 17 7 4 11 3 7 1 3 3 1 3 17 1 11 6 28 11 7 6 17 1 4 
----------------------------
P44: 总的开销：12361
Status of facilities: 
1 1 1 1 1 1 1 1 1 1 
The assignment of customers to facilities: 
9 3 1 7 1 2 9 7 7 9 6 2 0 3 0 5 6 8 8 7 6 0 4 5 7 5 4 0 1 6 4 8 3 3 2 5 3 1 1 6 0 2 4 0 7 5 1 1 6 7 9 0 8 9 8 2 0 6 6 6 5 7 6 9 0 1 6 6 6 0 3 0 9 6 9 0 5 5 7 5 2 1 7 7 6 8 4 2 2 2 
----------------------------
P45: 总的开销：11916
Status of facilities: 
1 1 0 0 0 1 0 0 1 0 0 0 1 1 1 1 0 0 0 0 
The assignment of customers to facilities: 
1 15 8 15 8 0 8 1 15 0 0 0 8 0 0 0 15 5 1 0 1 13 5 15 13 13 5 5 12 0 5 5 5 5 12 5 14 14 15 1 15 5 14 5 14 12 12 15 15 14 12 0 1 0 14 13 15 13 14 15 13 13 8 5 0 15 15 13 13 15 5 13 13 13 13 13 5 13 15 13 
----------------------------
P46: 总的开销：11327
Status of facilities: 
1 1 0 0 0 0 1 0 0 1 0 0 1 0 1 1 0 0 0 0 0 0 0 0 0 0 0 0 1 0 
The assignment of customers to facilities: 
1 1 15 14 12 6 14 15 28 6 1 14 15 6 15 15 6 9 1 0 15 28 1 15 0 6 12 14 14 6 0 15 6 6 9 6 12 9 9 6 14 6 6 9 6 0 15 6 28 15 28 1 14 15 0 12 14 0 6 15 9 6 15 6 6 6 28 28 15 0 
----------------------------
P47: 总的开销：13501
Status of facilities: 
1 0 0 0 1 1 1 1 1 0 
The assignment of customers to facilities: 
4 7 4 5 4 6 6 4 7 5 5 4 6 4 7 7 8 8 8 7 4 8 0 7 7 7 0 8 7 7 0 0 0 0 7 0 7 7 7 7 0 0 0 7 0 8 7 7 5 8 0 4 7 7 5 8 4 5 5 4 6 4 5 5 7 4 6 6 4 5 4 7 4 7 4 6 6 5 6 7 7 4 4 4 6 4 5 7 6 4 
----------------------------
P48: 总的开销：11463
Status of facilities: 
1 1 0 0 0 1 0 0 0 0 0 0 1 1 0 1 1 0 1 0 
The assignment of customers to facilities: 
5 1 1 0 1 1 12 0 12 0 12 0 13 1 1 0 15 0 0 18 16 0 0 0 15 5 13 12 16 5 13 18 15 16 0 12 15 15 0 0 15 15 5 1 15 18 5 15 15 18 13 18 13 15 15 13 13 15 5 5 15 13 18 5 5 18 16 5 5 18 13 5 5 13 12 13 5 13 13 18 
----------------------------
P49: 总的开销：8220
Status of facilities: 
1 0 0 1 0 1 0 0 0 0 0 0 0 0 1 0 0 0 0 0 0 1 0 1 0 0 0 0 1 1 
The assignment of customers to facilities: 
3 29 14 23 23 5 29 5 5 21 3 29 0 29 14 5 29 0 29 14 5 23 5 29 3 29 14 0 29 0 23 14 23 23 5 28 5 23 21 5 28 5 28 14 23 23 23 21 5 28 23 0 28 3 28 21 0 28 0 23 21 3 21 0 29 5 23 21 5 29 
----------------------------
P50: 总的开销：10910
Status of facilities: 
1 1 1 1 1 1 1 1 1 1 
The assignment of customers to facilities: 
3 1 7 9 0 4 8 2 8 5 1 2 6 6 1 2 0 2 3 1 5 7 6 6 4 9 0 2 2 8 0 1 7 2 0 0 8 7 7 3 2 1 7 2 0 2 8 6 0 1 6 7 6 6 7 1 9 6 7 7 1 2 7 9 0 7 0 2 6 6 6 2 6 2 9 1 2 7 7 1 0 7 6 9 9 2 7 5 8 5 5 3 7 6 1 8 8 2 6 5 
----------------------------
P51: 总的开销：9783
Status of facilities: 
1 1 0 0 0 1 0 0 1 1 0 1 1 0 1 1 0 0 1 1 
The assignment of customers to facilities: 
1 19 12 11 11 9 9 5 11 15 8 11 19 5 1 8 11 19 9 9 9 11 9 9 11 11 11 0 5 1 9 11 19 9 18 8 12 19 5 11 19 9 5 11 15 8 11 5 5 9 19 11 15 14 8 5 19 12 19 8 5 19 11 0 18 1 19 19 8 11 11 0 14 15 8 8 19 12 15 0 5 19 19 1 15 0 5 12 8 0 5 19 19 0 15 0 12 11 15 0 
----------------------------
P52: 总的开销：15770
Status of facilities: 
1 1 1 1 1 1 1 1 1 1 
The assignment of customers to facilities: 
8 3 3 8 8 4 4 9 1 7 2 3 3 6 0 3 4 0 0 1 5 3 3 6 4 4 0 9 0 7 6 2 3 7 6 1 5 3 6 7 7 3 3 7 6 1 5 9 9 7 9 9 3 2 8 5 6 0 4 4 2 1 3 8 3 3 7 1 0 2 5 3 3 8 5 2 9 2 7 9 5 7 3 2 7 5 5 3 2 0 5 9 9 3 9 5 2 5 4 2 
----------------------------
P53: 总的开销：13459
Status of facilities: 
1 1 0 1 1 0 0 1 0 1 0 1 1 0 0 1 0 0 1 1 
The assignment of customers to facilities: 
19 0 12 19 18 12 3 11 19 18 19 3 9 1 11 19 3 11 19 9 19 3 11 19 11 7 18 12 0 11 1 18 1 12 19 15 18 11 19 7 11 18 1 11 19 15 3 19 9 19 15 18 19 9 4 15 3 19 1 3 11 3 19 9 4 15 3 19 1 3 11 3 11 11 1 15 9 19 9 19 15 18 11 7 4 12 3 11 19 19 12 3 11 19 0 11 3 11 4 9 
----------------------------
P54: 总的开销：15241
Status of facilities: 
1 1 1 1 1 1 1 0 1 1 
The assignment of customers to facilities: 
4 9 3 9 0 4 4 6 6 0 9 0 3 4 2 0 6 4 9 0 3 6 6 3 2 1 6 4 8 8 4 9 2 5 6 1 6 4 5 0 2 0 2 2 8 1 6 4 5 0 6 9 2 5 2 8 3 1 9 0 0 2 3 9 6 3 6 1 6 5 3 0 6 3 6 1 6 4 8 3 2 9 2 3 2 0 6 4 8 0 4 3 2 3 2 4 4 4 8 3 
----------------------------
P55: 总的开销：13337
Status of facilities: 
1 0 0 1 1 1 1 1 1 1 0 0 0 0 0 0 0 0 0 0 
The assignment of customers to facilities: 
4 3 9 6 9 9 5 6 6 9 9 6 6 6 5 4 5 0 6 9 4 0 8 4 8 3 0 6 4 5 4 8 7 4 8 4 3 3 3 9 9 6 6 6 9 3 0 6 6 9 3 0 6 6 9 6 3 3 4 5 4 3 4 6 5 4 0 4 5 5 9 3 5 4 8 4 0 7 4 6 4 5 4 4 5 0 0 0 4 8 4 7 3 4 7 4 3 3 4 5 
----------------------------
P56: 总的开销：46098
Status of facilities: 
1 1 1 1 1 1 1 0 1 1 0 1 1 1 1 1 1 1 1 1 1 1 1 1 1 1 1 1 1 1 
The assignment of customers to facilities: 
9 23 1 28 11 13 8 3 6 17 0 28 2 13 18 27 0 8 13 11 24 6 4 4 17 8 29 0 27 14 6 8 14 14 2 2 14 28 24 11 14 5 8 14 20 17 4 24 0 27 17 2 5 2 21 23 0 24 22 15 12 27 15 6 19 23 27 14 8 5 9 9 4 24 22 15 20 17 0 18 5 12 11 24 22 15 6 6 6 15 9 29 27 27 29 15 6 19 21 17 4 17 21 15 6 19 11 23 11 24 8 23 3 1 22 24 20 0 5 16 3 8 19 6 21 15 6 21 20 21 23 12 14 3 11 13 0 14 14 1 2 17 27 3 11 13 11 28 13 11 3 1 3 14 17 25 18 24 26 17 21 20 21 15 28 3 9 21 29 27 2 14 16 24 12 18 2 14 14 15 21 8 28 24 28 15 29 20 21 29 11 8 26 8 15 28 26 1 24 8 
----------------------------
P57: 总的开销：52138
Status of facilities: 
0 1 1 1 1 1 1 1 1 1 1 1 1 1 1 1 1 1 1 1 1 0 1 0 1 1 0 1 1 1 
The assignment of customers to facilities: 
12 8 14 10 14 3 2 3 14 11 15 29 8 14 3 29 7 15 16 17 13 16 15 19 17 8 18 17 5 15 11 10 14 14 4 16 1 12 13 7 14 13 11 14 7 11 12 1 16 22 16 13 16 5 11 4 7 5 22 15 1 27 22 16 15 24 3 3 24 15 16 22 27 15 6 15 16 3 15 22 5 12 11 2 22 3 3 14 6 4 9 22 14 27 25 14 17 8 18 29 6 17 27 11 6 6 17 29 13 28 25 16 9 29 29 18 8 8 13 6 20 4 29 18 5 13 25 17 27 3 6 13 17 9 16 14 5 8 14 9 6 17 27 11 6 13 11 16 18 18 12 17 28 9 4 24 20 8 12 9 25 8 27 15 11 13 9 5 18 9 17 8 24 4 12 22 18 18 27 8 14 20 28 9 28 15 20 9 28 29 29 9 28 20 8 18 29 18 27 16 
----------------------------
P58: 总的开销：70646
Status of facilities: 
1 1 0 1 1 1 1 0 1 1 1 0 1 0 0 0 0 0 1 1 0 0 1 0 0 1 0 1 0 1 
The assignment of customers to facilities: 
19 19 19 10 19 10 10 6 10 10 10 6 10 19 19 0 19 19 10 19 19 19 25 19 19 10 0 0 10 12 0 0 19 12 0 0 0 0 12 5 5 12 12 12 12 12 12 5 0 0 12 12 5 5 25 5 5 5 12 5 5 5 12 29 19 10 9 9 9 6 9 9 12 9 9 9 9 12 3 3 9 5 3 3 3 3 3 3 27 3 27 3 27 27 3 27 27 27 27 3 3 9 27 27 27 1 1 1 18 1 1 1 1 1 1 18 1 1 8 18 18 18 8 18 1 1 18 8 8 4 18 8 18 8 29 4 18 8 18 18 6 8 6 6 6 22 8 29 8 18 8 22 6 6 6 25 25 25 6 6 6 25 6 22 22 6 25 25 29 29 29 25 4 4 29 4 4 25 25 4 25 4 1 4 29 29 29 4 25 4 29 25 29 8 22 22 4 10 27 22 
----------------------------
P59: 总的开销：62070
Status of facilities: 
0 0 1 0 1 0 1 0 0 0 1 0 0 1 1 1 1 1 1 1 0 0 0 1 1 1 0 0 1 1 
The assignment of customers to facilities: 
23 19 28 28 23 23 17 6 4 4 4 4 4 17 24 17 16 16 29 17 17 6 4 4 17 4 18 17 17 6 4 28 17 23 28 17 29 28 17 28 28 28 23 29 28 28 28 23 23 23 23 23 23 4 23 4 29 29 29 17 17 29 18 29 28 29 6 10 6 6 29 29 13 25 6 6 6 17 13 25 25 25 13 13 13 13 13 24 24 24 24 24 13 24 24 24 24 24 13 13 6 13 6 6 6 25 25 13 18 18 25 25 10 13 24 24 25 25 25 25 25 29 18 18 24 14 14 14 14 14 14 14 14 14 14 14 29 18 14 2 18 18 18 18 2 14 2 16 16 19 2 2 16 16 2 16 2 19 16 19 19 19 19 19 18 16 2 16 16 2 2 2 2 2 16 19 19 19 19 2 19 10 10 15 10 15 10 4 15 10 10 10 23 15 10 10 24 18 15 15 
----------------------------
P60: 总的开销：44912
Status of facilities: 
1 1 1 1 1 1 1 1 1 1 1 1 1 1 1 1 1 1 1 1 1 1 1 1 1 1 1 1 0 1 
The assignment of customers to facilities: 
19 8 6 15 9 6 9 6 9 15 20 6 8 29 2 2 7 16 10 21 13 7 3 29 25 12 29 21 5 2 6 5 7 2 3 25 1 24 24 12 9 12 26 7 7 17 12 16 0 23 16 11 1 23 12 4 0 9 18 1 13 27 16 19 8 24 5 26 6 7 29 7 2 17 14 6 9 6 15 12 5 5 12 23 1 5 15 2 14 6 18 7 0 27 7 26 18 14 24 2 21 9 6 22 5 6 22 16 10 17 1 26 29 24 4 11 14 20 21 18 18 29 19 2 7 0 27 21 27 21 20 5 23 2 16 23 5 29 11 7 9 23 1 11 2 19 23 16 10 19 12 11 1 23 4 24 5 24 12 3 6 22 8 8 25 23 2 8 25 22 2 19 24 4 11 4 24 1 15 2 26 4 10 22 26 26 2 4 2 26 22 8 5 8 8 22 26 29 0 23 
----------------------------
P61: 总的开销：51412
Status of facilities: 
1 1 1 1 1 1 1 1 1 1 0 1 1 1 1 1 1 1 1 1 1 1 1 0 0 1 1 1 1 1 
The assignment of customers to facilities: 
19 17 12 2 5 11 9 2 7 12 13 12 8 25 7 2 0 5 4 27 13 5 5 11 7 11 27 14 0 4 9 15 4 14 8 2 25 8 17 4 5 0 26 1 3 22 19 5 22 19 3 0 1 5 17 7 2 5 20 1 17 6 22 29 0 8 19 21 6 15 26 0 1 29 25 4 27 25 11 22 25 29 1 0 0 1 29 5 11 0 26 18 1 3 21 28 16 25 0 25 17 22 28 11 25 9 11 5 17 19 26 4 21 17 4 4 18 5 18 4 4 11 7 9 28 16 8 17 27 0 1 0 28 26 25 7 26 28 19 27 25 11 22 17 7 11 13 29 1 20 27 17 19 3 21 15 13 8 19 0 4 11 19 22 9 5 4 17 4 5 20 7 3 5 5 14 0 28 22 5 0 0 17 22 18 4 6 16 8 29 0 0 17 8 8 22 4 1 14 8 
----------------------------
P62: 总的开销：64680
Status of facilities: 
1 0 1 0 0 0 1 0 0 0 1 0 1 1 1 0 1 0 0 1 0 0 1 0 1 0 0 0 0 0 
The assignment of customers to facilities: 
19 19 19 10 2 19 10 6 10 16 19 16 19 19 19 16 19 19 16 19 16 16 16 19 16 12 12 14 14 16 16 12 12 12 16 16 16 16 16 19 12 12 12 16 12 14 16 16 16 13 14 12 12 12 16 14 14 14 14 14 14 13 13 13 13 12 13 12 13 10 0 12 6 13 6 6 12 13 0 22 0 6 12 12 12 13 13 14 14 14 16 6 14 14 12 14 14 14 14 6 6 6 6 6 6 6 6 13 13 24 22 14 6 24 24 0 10 6 6 24 0 22 6 22 0 0 24 22 24 14 13 13 12 22 24 24 24 24 13 0 6 0 22 22 22 0 0 13 13 10 0 22 22 22 22 24 0 0 22 10 2 22 2 22 10 10 2 10 22 22 2 2 24 24 10 24 24 0 0 2 2 10 2 2 10 2 10 10 2 2 0 0 24 2 22 10 2 10 0 10 
----------------------------
P63: 总的开销：57678
Status of facilities: 
1 1 1 1 1 1 1 1 0 1 1 1 1 1 1 1 1 0 1 1 1 1 1 1 1 1 1 1 1 1 
The assignment of customers to facilities: 
9 4 27 15 9 3 6 6 6 5 9 7 13 14 9 11 7 21 26 21 24 16 20 19 26 18 7 20 25 21 4 9 13 5 4 27 7 29 22 27 1 0 11 28 0 24 4 5 19 22 3 0 1 27 21 4 19 9 19 9 12 19 13 25 15 21 21 7 26 4 15 9 25 15 22 19 12 7 15 13 5 12 26 7 20 15 15 27 4 7 20 7 20 21 21 26 20 5 20 7 6 3 25 11 26 19 23 11 13 11 19 13 24 22 12 20 12 18 0 29 25 4 9 11 28 2 28 21 9 4 2 14 2 28 21 4 26 25 14 23 25 10 21 6 26 6 6 23 23 2 12 24 7 25 26 11 5 16 12 9 12 16 20 19 5 15 19 23 2 12 18 25 5 4 21 9 12 0 28 16 20 21 21 15 10 13 19 21 0 16 5 12 20 25 28 21 22 27 12 4 
----------------------------
P64: 总的开销：46525
Status of facilities: 
1 1 1 1 1 1 1 1 1 1 1 1 1 1 1 1 1 1 1 1 0 1 1 1 1 1 1 1 1 1 
The assignment of customers to facilities: 
19 17 21 22 9 3 9 3 23 15 9 29 10 16 19 0 7 21 13 10 12 7 21 19 0 9 5 22 3 27 6 9 23 3 4 27 5 16 13 10 1 5 7 14 7 22 19 10 22 19 2 11 23 22 16 7 5 19 18 28 17 1 3 29 3 21 29 1 23 5 29 21 19 8 15 15 25 17 0 14 0 5 8 3 29 28 19 3 6 6 19 6 19 24 10 28 18 19 5 2 4 17 19 9 5 19 9 15 11 24 8 27 29 1 29 27 19 21 11 29 8 29 10 26 10 15 14 0 15 27 18 8 27 5 29 26 0 23 5 9 3 9 19 10 26 7 9 15 10 28 8 8 29 26 2 27 5 5 24 17 18 8 19 15 10 26 10 10 15 19 27 19 24 5 5 23 6 25 27 13 25 8 1 13 28 3 29 4 22 21 22 18 1 19 8 7 24 3 12 22 
----------------------------
P65: 总的开销：56502
Status of facilities: 
1 1 0 0 0 1 0 0 0 1 0 0 0 0 1 0 0 0 0 1 0 0 0 0 1 0 0 0 1 0 
The assignment of customers to facilities: 
19 19 14 28 19 0 19 14 14 28 28 28 0 19 0 0 19 19 19 19 24 19 14 19 19 19 0 0 28 28 0 19 19 19 19 0 0 9 5 0 0 0 0 0 0 0 0 0 0 19 14 19 24 5 5 5 5 5 24 1 24 24 5 0 9 9 28 0 1 24 24 14 14 14 14 14 14 14 14 14 1 1 1 1 28 28 28 5 5 5 5 1 24 5 1 1 1 1 9 5 24 1 0 9 0 19 5 19 1 24 5 5 24 24 9 9 9 9 5 9 5 5 5 0 0 9 5 9 24 9 9 9 9 5 24 24 9 9 9 9 24 5 1 28 5 5 28 28 28 0 19 1 1 1 24 24 24 24 24 9 9 9 28 9 9 14 14 24 28 0 0 14 24 24 28 14 14 14 14 14 9 28 28 28 28 1 1 24 28 28 19 14 28 24 24 19 14 14 19 28 
----------------------------
P66: 总的开销：59274
Status of facilities: 
1 1 0 0 0 1 0 0 0 1 0 0 0 0 1 0 0 0 0 1 0 0 0 0 1 0 0 0 1 0 
The assignment of customers to facilities: 
19 19 28 28 19 19 19 19 5 5 19 5 0 28 19 19 19 19 19 19 19 19 0 19 19 0 5 0 1 14 0 28 24 14 5 0 0 19 28 0 14 0 9 9 0 5 19 0 0 0 0 19 5 5 24 14 14 5 14 14 5 14 5 14 0 5 5 1 1 24 5 0 0 0 0 5 19 19 14 14 14 5 9 9 1 1 14 14 24 14 24 28 0 0 28 19 0 19 9 9 9 9 1 28 14 14 24 1 9 9 1 1 1 24 28 1 1 5 5 1 9 9 9 9 9 5 1 1 9 24 24 9 24 24 24 24 5 9 14 9 9 9 24 5 28 1 1 1 0 0 5 1 28 24 24 14 14 1 5 1 1 9 28 9 9 1 1 5 0 28 14 14 24 24 28 28 24 14 14 28 24 28 28 24 28 5 9 24 28 24 28 9 24 9 24 5 24 28 24 28 
----------------------------
P67: 总的开销：55255
Status of facilities: 
0 0 1 0 1 0 1 0 0 0 0 0 0 1 0 0 0 1 1 0 0 0 0 1 1 1 0 0 1 1 
The assignment of customers to facilities: 
4 4 6 4 4 25 4 6 4 4 29 4 4 29 29 29 29 29 29 29 4 6 4 29 6 29 29 4 4 29 4 29 4 2 2 29 29 23 6 6 6 6 6 6 29 29 4 29 29 13 4 13 13 6 29 13 6 13 13 13 13 6 13 6 13 24 24 17 6 6 24 24 13 24 17 24 24 13 13 24 24 13 24 24 24 17 13 6 24 24 24 24 17 17 17 17 17 17 17 13 6 17 17 17 13 13 17 6 13 17 17 17 17 17 18 18 18 17 18 18 18 28 28 28 28 28 28 18 28 28 28 18 17 24 24 28 28 24 18 28 18 18 28 28 13 18 28 28 18 18 18 25 28 2 2 25 25 2 23 2 23 23 2 18 18 2 2 2 2 23 2 23 23 23 23 23 2 23 2 23 23 4 2 18 2 23 23 23 25 23 23 25 23 2 23 4 4 4 2 25 
----------------------------
P68: 总的开销：43544
Status of facilities: 
1 1 1 1 1 1 1 1 1 1 0 1 1 1 1 1 1 1 1 1 1 1 1 1 0 0 1 1 1 1 
The assignment of customers to facilities: 
18 4 14 9 26 1 18 3 6 5 18 7 27 12 9 29 14 19 13 5 12 16 3 5 17 9 7 0 5 16 0 12 1 3 2 16 14 19 12 0 1 5 12 16 3 5 6 5 16 23 3 0 1 1 17 13 29 9 18 1 17 27 16 29 0 8 3 26 9 5 0 3 12 21 5 21 17 22 15 20 5 12 5 26 9 5 12 3 6 8 6 29 0 27 28 17 0 12 5 9 21 17 8 11 26 6 17 29 13 17 5 18 9 29 13 17 20 8 22 7 20 18 29 13 22 15 20 1 8 21 28 12 2 2 16 26 18 14 22 7 26 23 21 17 6 26 11 8 22 20 7 11 16 27 26 16 14 19 12 17 26 8 21 8 26 15 2 5 15 22 17 12 28 21 23 26 6 18 14 2 20 20 19 17 21 5 21 4 19 20 5 21 12 3 8 5 4 4 5 8 
----------------------------
P69: 总的开销：52726
Status of facilities: 
1 1 1 1 1 1 1 1 1 1 1 1 1 1 1 1 1 1 0 1 1 1 1 1 1 1 1 1 1 1 
The assignment of customers to facilities: 
4 23 1 26 9 13 0 14 7 7 9 7 4 14 13 29 0 21 5 5 16 11 6 29 25 4 21 0 1 21 4 25 26 14 9 16 7 21 26 0 17 0 26 9 12 5 3 5 0 26 21 10 5 6 21 4 5 5 14 7 9 27 13 16 4 29 4 7 9 7 15 22 2 17 10 15 17 20 9 25 14 4 29 12 23 26 12 3 6 10 9 29 4 11 29 4 14 25 11 4 29 9 19 11 23 21 5 23 8 28 1 5 20 21 1 28 2 10 28 8 20 11 20 14 17 28 1 21 20 25 4 10 16 9 19 28 2 29 27 15 20 17 19 11 11 19 9 8 0 9 17 11 5 17 26 16 1 24 20 2 23 3 15 17 9 25 9 4 29 27 17 2 24 20 11 23 24 25 11 1 7 4 9 6 28 1 29 4 27 29 2 23 12 20 22 10 6 1 27 8 
----------------------------
P70: 总的开销：74091
Status of facilities: 
1 1 1 1 1 1 1 1 1 1 1 1 1 1 0 1 0 1 1 1 1 1 1 1 1 1 1 0 1 1 
The assignment of customers to facilities: 
7 17 7 17 9 3 8 2 23 8 9 7 4 17 3 24 0 12 25 10 12 6 9 29 15 29 25 21 3 2 28 8 7 9 2 3 0 12 24 11 11 15 12 0 3 17 4 24 22 2 3 2 24 15 21 7 15 23 28 3 1 24 18 25 15 23 18 7 6 15 29 9 0 24 7 9 8 22 4 2 15 25 9 12 20 22 12 3 23 15 9 29 8 24 29 13 24 0 20 7 6 8 6 15 6 7 20 23 11 10 7 1 29 1 4 28 18 8 13 2 7 28 19 13 28 11 4 18 15 2 23 20 7 5 25 28 29 25 20 7 6 8 6 8 6 6 20 23 11 26 25 13 3 22 2 24 25 24 5 2 3 28 19 15 26 19 2 10 19 23 0 19 24 5 25 18 2 10 22 3 18 10 21 22 18 26 25 21 28 21 21 25 26 11 11 5 24 25 3 19 
----------------------------
P71: 总的开销：58546
Status of facilities: 
1 1 1 1 1 1 1 1 1 0 0 1 1 1 1 1 1 1 1 1 1 1 1 1 1 0 1 1 1 1 
The assignment of customers to facilities: 
4 20 12 4 11 14 0 6 4 5 19 4 20 29 27 16 7 16 16 20 16 24 4 5 4 27 21 20 8 21 4 24 7 26 24 16 7 29 16 7 27 0 26 20 7 24 20 24 16 24 2 20 5 27 26 23 2 27 19 8 17 11 16 20 0 12 29 2 24 6 18 3 19 8 15 6 11 17 8 22 27 5 23 24 20 22 8 6 24 6 19 21 0 11 17 17 5 8 24 23 6 17 17 8 5 19 1 23 7 24 8 21 22 11 7 24 7 8 3 2 8 26 11 0 11 15 6 20 5 16 23 5 23 5 27 13 0 5 22 3 6 17 20 4 5 13 28 28 18 22 7 27 29 14 7 24 14 29 12 17 3 8 28 15 11 0 11 4 15 22 27 2 24 6 21 22 5 18 27 8 3 8 8 22 18 0 27 21 8 20 27 13 28 3 12 22 26 1 27 27 
----------------------------