----------------------------
--------  贪心算法   --------
----------------------------
P1: 总的开销：10355
Status of facilities: 
1 1 1 1 1 1 1 1 1 1 
The assignment of customers to facilities: 
5 7 8 2 9 9 5 6 3 2 6 3 4 0 6 4 5 0 3 9 7 6 3 5 6 9 5 7 0 3 3 8 2 1 3 7 9 3 6 4 5 7 8 8 1 7 0 2 4 6 
----------------------------
P2: 总的开销：9041
Status of facilities: 
1 1 1 1 1 1 1 1 1 1 
The assignment of customers to facilities: 
5 7 8 2 9 9 5 6 3 2 6 3 4 0 6 4 5 0 3 9 7 6 3 5 6 9 5 7 0 3 3 8 2 1 3 7 9 3 6 4 5 7 8 8 1 7 0 2 4 6 
----------------------------
P3: 总的开销：11041
Status of facilities: 
1 1 1 1 1 1 1 1 1 1 
The assignment of customers to facilities: 
5 7 8 2 9 9 5 6 3 2 6 3 4 0 6 4 5 0 3 9 7 6 3 5 6 9 5 7 0 3 3 8 2 1 3 7 9 3 6 4 5 7 8 8 1 7 0 2 4 6 
----------------------------
P4: 总的开销：13041
Status of facilities: 
1 1 1 1 1 1 1 1 1 1 
The assignment of customers to facilities: 
5 7 8 2 9 9 5 6 3 2 6 3 4 0 6 4 5 0 3 9 7 6 3 5 6 9 5 7 0 3 3 8 2 1 3 7 9 3 6 4 5 7 8 8 1 7 0 2 4 6 
----------------------------
P5: 总的开销：10827
Status of facilities: 
1 1 1 1 1 1 1 1 1 1 
The assignment of customers to facilities: 
5 7 8 2 9 9 5 6 3 2 6 3 4 0 6 4 5 0 3 9 7 6 3 5 6 9 5 7 0 3 3 8 2 1 6 7 9 3 6 4 0 7 8 8 1 7 0 2 4 8 
----------------------------
P6: 总的开销：9513
Status of facilities: 
1 1 1 1 1 1 1 1 1 1 
The assignment of customers to facilities: 
5 7 8 2 9 9 5 6 3 2 6 3 4 0 6 4 5 0 3 9 7 6 3 5 6 9 5 7 0 3 3 8 2 1 6 7 9 3 6 4 0 7 8 8 1 7 0 2 4 8 
----------------------------
P7: 总的开销：11513
Status of facilities: 
1 1 1 1 1 1 1 1 1 1 
The assignment of customers to facilities: 
5 7 8 2 9 9 5 6 3 2 6 3 4 0 6 4 5 0 3 9 7 6 3 5 6 9 5 7 0 3 3 8 2 1 6 7 9 3 6 4 0 7 8 8 1 7 0 2 4 8 
----------------------------
P8: 总的开销：13513
Status of facilities: 
1 1 1 1 1 1 1 1 1 1 
The assignment of customers to facilities: 
5 7 8 2 9 9 5 6 3 2 6 3 4 0 6 4 5 0 3 9 7 6 3 5 6 9 5 7 0 3 3 8 2 1 6 7 9 3 6 4 0 7 8 8 1 7 0 2 4 8 
----------------------------
P9: 总的开销：10355
Status of facilities: 
1 1 1 1 1 1 1 1 1 1 
The assignment of customers to facilities: 
5 7 8 2 9 9 5 6 3 2 6 3 4 0 6 4 5 0 3 9 7 6 3 5 6 9 5 7 0 3 3 8 2 1 3 7 9 3 6 4 5 7 8 8 1 7 0 2 4 6 
----------------------------
P10: 总的开销：9041
Status of facilities: 
1 1 1 1 1 1 1 1 1 1 
The assignment of customers to facilities: 
5 7 8 2 9 9 5 6 3 2 6 3 4 0 6 4 5 0 3 9 7 6 3 5 6 9 5 7 0 3 3 8 2 1 3 7 9 3 6 4 5 7 8 8 1 7 0 2 4 6 
----------------------------
P11: 总的开销：11041
Status of facilities: 
1 1 1 1 1 1 1 1 1 1 
The assignment of customers to facilities: 
5 7 8 2 9 9 5 6 3 2 6 3 4 0 6 4 5 0 3 9 7 6 3 5 6 9 5 7 0 3 3 8 2 1 3 7 9 3 6 4 5 7 8 8 1 7 0 2 4 6 
----------------------------
P12: 总的开销：13041
Status of facilities: 
1 1 1 1 1 1 1 1 1 1 
The assignment of customers to facilities: 
5 7 8 2 9 9 5 6 3 2 6 3 4 0 6 4 5 0 3 9 7 6 3 5 6 9 5 7 0 3 3 8 2 1 3 7 9 3 6 4 5 7 8 8 1 7 0 2 4 6 
----------------------------
P13: 总的开销：11915
Status of facilities: 
1 1 0 1 1 1 1 1 1 1 0 1 1 1 1 1 1 1 1 1 
The assignment of customers to facilities: 
0 6 1 18 7 14 12 11 5 4 18 5 8 6 12 13 4 0 12 1 15 16 4 9 19 3 15 7 5 6 1 0 17 4 0 8 0 6 11 1 0 6 16 19 4 5 12 14 13 8 
----------------------------
P14: 总的开销：9426
Status of facilities: 
1 1 0 1 1 1 1 1 1 1 0 1 1 1 1 1 1 1 1 1 
The assignment of customers to facilities: 
0 6 1 18 7 14 12 11 5 4 18 5 8 6 12 13 4 0 12 1 15 16 4 9 19 3 15 7 5 6 1 0 17 4 0 8 0 6 11 1 0 6 16 19 4 5 12 14 13 8 
----------------------------
P15: 总的开销：13026
Status of facilities: 
1 1 0 1 1 1 1 1 1 1 0 1 1 1 1 1 1 1 1 1 
The assignment of customers to facilities: 
0 6 1 18 7 14 12 11 5 4 18 5 8 6 12 13 4 0 12 1 15 16 4 9 19 3 15 7 5 6 1 0 17 4 0 8 0 6 11 1 0 6 16 19 4 5 12 14 13 8 
----------------------------
P16: 总的开销：16626
Status of facilities: 
1 1 0 1 1 1 1 1 1 1 0 1 1 1 1 1 1 1 1 1 
The assignment of customers to facilities: 
0 6 1 18 7 14 12 11 5 4 18 5 8 6 12 13 4 0 12 1 15 16 4 9 19 3 15 7 5 6 1 0 17 4 0 8 0 6 11 1 0 6 16 19 4 5 12 14 13 8 
----------------------------
P17: 总的开销：11915
Status of facilities: 
1 1 0 1 1 1 1 1 1 1 0 1 1 1 1 1 1 1 1 1 
The assignment of customers to facilities: 
0 6 1 18 7 14 12 11 5 4 18 5 8 6 12 13 4 0 12 1 15 16 4 9 19 3 15 7 5 6 1 0 17 4 0 8 0 6 11 1 0 6 16 19 4 5 12 14 13 8 
----------------------------
P18: 总的开销：9426
Status of facilities: 
1 1 0 1 1 1 1 1 1 1 0 1 1 1 1 1 1 1 1 1 
The assignment of customers to facilities: 
0 6 1 18 7 14 12 11 5 4 18 5 8 6 12 13 4 0 12 1 15 16 4 9 19 3 15 7 5 6 1 0 17 4 0 8 0 6 11 1 0 6 16 19 4 5 12 14 13 8 
----------------------------
P19: 总的开销：13026
Status of facilities: 
1 1 0 1 1 1 1 1 1 1 0 1 1 1 1 1 1 1 1 1 
The assignment of customers to facilities: 
0 6 1 18 7 14 12 11 5 4 18 5 8 6 12 13 4 0 12 1 15 16 4 9 19 3 15 7 5 6 1 0 17 4 0 8 0 6 11 1 0 6 16 19 4 5 12 14 13 8 
----------------------------
P20: 总的开销：16626
Status of facilities: 
1 1 0 1 1 1 1 1 1 1 0 1 1 1 1 1 1 1 1 1 
The assignment of customers to facilities: 
0 6 1 18 7 14 12 11 5 4 18 5 8 6 12 13 4 0 12 1 15 16 4 9 19 3 15 7 5 6 1 0 17 4 0 8 0 6 11 1 0 6 16 19 4 5 12 14 13 8 
----------------------------
P21: 总的开销：11915
Status of facilities: 
1 1 0 1 1 1 1 1 1 1 0 1 1 1 1 1 1 1 1 1 
The assignment of customers to facilities: 
0 6 1 18 7 14 12 11 5 4 18 5 8 6 12 13 4 0 12 1 15 16 4 9 19 3 15 7 5 6 1 0 17 4 0 8 0 6 11 1 0 6 16 19 4 5 12 14 13 8 
----------------------------
P22: 总的开销：9426
Status of facilities: 
1 1 0 1 1 1 1 1 1 1 0 1 1 1 1 1 1 1 1 1 
The assignment of customers to facilities: 
0 6 1 18 7 14 12 11 5 4 18 5 8 6 12 13 4 0 12 1 15 16 4 9 19 3 15 7 5 6 1 0 17 4 0 8 0 6 11 1 0 6 16 19 4 5 12 14 13 8 
----------------------------
P23: 总的开销：13026
Status of facilities: 
1 1 0 1 1 1 1 1 1 1 0 1 1 1 1 1 1 1 1 1 
The assignment of customers to facilities: 
0 6 1 18 7 14 12 11 5 4 18 5 8 6 12 13 4 0 12 1 15 16 4 9 19 3 15 7 5 6 1 0 17 4 0 8 0 6 11 1 0 6 16 19 4 5 12 14 13 8 
----------------------------
P24: 总的开销：16626
Status of facilities: 
1 1 0 1 1 1 1 1 1 1 0 1 1 1 1 1 1 1 1 1 
The assignment of customers to facilities: 
0 6 1 18 7 14 12 11 5 4 18 5 8 6 12 13 4 0 12 1 15 16 4 9 19 3 15 7 5 6 1 0 17 4 0 8 0 6 11 1 0 6 16 19 4 5 12 14 13 8 
----------------------------
P25: 总的开销：16673
Status of facilities: 
0 1 0 1 1 1 1 1 1 1 1 1 1 1 0 1 0 1 1 1 1 1 1 1 1 1 1 1 0 0 
The assignment of customers to facilities: 
21 10 7 3 20 8 13 18 21 1 26 13 24 21 5 23 13 8 7 5 21 27 27 7 5 22 20 8 5 6 4 13 11 9 4 21 27 21 7 5 11 19 15 10 4 7 20 8 5 7 22 13 8 7 13 21 27 8 3 25 22 13 8 7 9 4 17 22 9 3 8 22 18 21 4 10 12 8 7 7 11 13 10 10 4 21 27 24 11 5 4 13 8 9 4 26 13 24 7 5 4 17 17 9 3 22 20 8 25 5 10 20 8 5 13 22 27 8 25 5 27 20 8 5 12 22 20 8 13 26 10 13 8 25 13 22 27 8 25 25 8 13 18 10 4 22 20 8 15 25 
----------------------------
P26: 总的开销：14143
Status of facilities: 
0 1 0 1 1 1 1 1 1 1 1 1 1 1 0 1 0 1 1 1 1 1 1 1 1 1 1 1 0 0 
The assignment of customers to facilities: 
21 10 7 3 20 8 13 18 21 1 26 13 24 21 5 23 13 8 7 5 21 27 27 7 5 22 20 8 5 6 4 13 11 9 4 21 27 21 7 5 11 19 15 10 4 7 20 8 5 7 22 13 8 7 13 21 27 8 3 25 22 13 8 7 9 4 17 22 9 3 8 22 18 21 4 10 12 8 7 7 11 13 10 10 4 21 27 24 11 5 4 13 8 9 4 26 13 24 7 5 4 17 17 9 3 22 20 8 25 5 10 20 8 5 13 22 27 8 25 5 27 20 8 5 12 22 20 8 13 26 10 13 8 25 13 22 27 8 25 25 8 13 18 10 4 22 20 8 15 25 
----------------------------
P27: 总的开销：18943
Status of facilities: 
0 1 0 1 1 1 1 1 1 1 1 1 1 1 0 1 0 1 1 1 1 1 1 1 1 1 1 1 0 0 
The assignment of customers to facilities: 
21 10 7 3 20 8 13 18 21 1 26 13 24 21 5 23 13 8 7 5 21 27 27 7 5 22 20 8 5 6 4 13 11 9 4 21 27 21 7 5 11 19 15 10 4 7 20 8 5 7 22 13 8 7 13 21 27 8 3 25 22 13 8 7 9 4 17 22 9 3 8 22 18 21 4 10 12 8 7 7 11 13 10 10 4 21 27 24 11 5 4 13 8 9 4 26 13 24 7 5 4 17 17 9 3 22 20 8 25 5 10 20 8 5 13 22 27 8 25 5 27 20 8 5 12 22 20 8 13 26 10 13 8 25 13 22 27 8 25 25 8 13 18 10 4 22 20 8 15 25 
----------------------------
P28: 总的开销：23743
Status of facilities: 
0 1 0 1 1 1 1 1 1 1 1 1 1 1 0 1 0 1 1 1 1 1 1 1 1 1 1 1 0 0 
The assignment of customers to facilities: 
21 10 7 3 20 8 13 18 21 1 26 13 24 21 5 23 13 8 7 5 21 27 27 7 5 22 20 8 5 6 4 13 11 9 4 21 27 21 7 5 11 19 15 10 4 7 20 8 5 7 22 13 8 7 13 21 27 8 3 25 22 13 8 7 9 4 17 22 9 3 8 22 18 21 4 10 12 8 7 7 11 13 10 10 4 21 27 24 11 5 4 13 8 9 4 26 13 24 7 5 4 17 17 9 3 22 20 8 25 5 10 20 8 5 13 22 27 8 25 5 27 20 8 5 12 22 20 8 13 26 10 13 8 25 13 22 27 8 25 25 8 13 18 10 4 22 20 8 15 25 
----------------------------
P29: 总的开销：17463
Status of facilities: 
0 1 0 1 1 1 1 1 1 1 1 1 1 1 0 1 1 1 1 1 1 1 1 1 1 1 1 1 0 1 
The assignment of customers to facilities: 
21 10 7 3 20 8 13 18 21 1 26 13 24 21 5 23 13 8 7 5 21 27 27 7 5 22 20 8 5 6 4 13 11 9 4 21 27 21 7 5 11 19 15 10 4 7 20 8 5 7 22 13 8 7 13 21 27 8 3 25 22 13 8 7 9 4 17 22 9 3 8 22 18 21 4 10 12 8 7 7 11 13 10 10 4 21 27 24 11 5 4 13 8 9 4 26 13 24 21 5 4 17 17 9 3 22 20 8 25 5 10 20 8 5 7 22 27 8 7 5 27 20 8 5 12 22 20 8 13 26 10 13 16 7 13 21 27 3 25 25 11 19 18 10 4 22 20 29 15 25 
----------------------------
P30: 总的开销：14726
Status of facilities: 
0 1 0 1 1 1 1 1 1 1 1 1 1 1 0 1 1 1 1 1 1 1 1 1 1 1 1 1 0 1 
The assignment of customers to facilities: 
21 10 7 3 20 8 13 18 21 1 26 13 24 21 5 23 13 8 7 5 21 27 27 7 5 22 20 8 5 6 4 13 11 9 4 21 27 21 7 5 11 19 15 10 4 7 20 8 5 7 22 13 8 7 13 21 27 8 3 25 22 13 8 7 9 4 17 22 9 3 8 22 18 21 4 10 12 8 7 7 11 13 10 10 4 21 27 24 11 5 4 13 8 9 4 26 13 24 21 5 4 17 17 9 3 22 20 8 25 5 10 20 8 5 7 22 27 8 7 5 27 20 8 5 12 22 20 8 13 26 10 13 16 7 13 21 27 3 25 25 11 19 18 10 4 22 20 29 15 25 
----------------------------
P31: 总的开销：19926
Status of facilities: 
0 1 0 1 1 1 1 1 1 1 1 1 1 1 0 1 1 1 1 1 1 1 1 1 1 1 1 1 0 1 
The assignment of customers to facilities: 
21 10 7 3 20 8 13 18 21 1 26 13 24 21 5 23 13 8 7 5 21 27 27 7 5 22 20 8 5 6 4 13 11 9 4 21 27 21 7 5 11 19 15 10 4 7 20 8 5 7 22 13 8 7 13 21 27 8 3 25 22 13 8 7 9 4 17 22 9 3 8 22 18 21 4 10 12 8 7 7 11 13 10 10 4 21 27 24 11 5 4 13 8 9 4 26 13 24 21 5 4 17 17 9 3 22 20 8 25 5 10 20 8 5 7 22 27 8 7 5 27 20 8 5 12 22 20 8 13 26 10 13 16 7 13 21 27 3 25 25 11 19 18 10 4 22 20 29 15 25 
----------------------------
P32: 总的开销：25126
Status of facilities: 
0 1 0 1 1 1 1 1 1 1 1 1 1 1 0 1 1 1 1 1 1 1 1 1 1 1 1 1 0 1 
The assignment of customers to facilities: 
21 10 7 3 20 8 13 18 21 1 26 13 24 21 5 23 13 8 7 5 21 27 27 7 5 22 20 8 5 6 4 13 11 9 4 21 27 21 7 5 11 19 15 10 4 7 20 8 5 7 22 13 8 7 13 21 27 8 3 25 22 13 8 7 9 4 17 22 9 3 8 22 18 21 4 10 12 8 7 7 11 13 10 10 4 21 27 24 11 5 4 13 8 9 4 26 13 24 21 5 4 17 17 9 3 22 20 8 25 5 10 20 8 5 7 22 27 8 7 5 27 20 8 5 12 22 20 8 13 26 10 13 16 7 13 21 27 3 25 25 11 19 18 10 4 22 20 29 15 25 
----------------------------
P33: 总的开销：16597
Status of facilities: 
0 1 0 1 1 1 1 1 1 1 1 1 1 1 0 1 0 1 1 1 1 1 1 1 1 1 1 1 0 0 
The assignment of customers to facilities: 
21 10 7 3 20 8 13 18 21 1 26 13 24 21 5 23 13 8 7 5 21 27 27 7 5 22 20 8 5 6 4 13 11 9 4 21 27 21 7 5 11 19 15 10 4 7 20 8 5 7 22 13 8 7 13 21 27 8 3 25 22 13 8 7 9 4 17 22 9 3 8 22 18 21 4 10 12 8 7 7 11 13 10 10 4 21 27 24 11 5 4 13 8 9 4 26 13 24 21 5 4 17 17 9 3 22 20 8 25 5 10 20 8 5 7 22 27 8 7 5 27 20 8 5 12 22 20 8 13 26 10 13 8 7 7 21 27 8 25 25 8 13 18 10 4 22 20 8 15 25 
----------------------------
P34: 总的开销：14067
Status of facilities: 
0 1 0 1 1 1 1 1 1 1 1 1 1 1 0 1 0 1 1 1 1 1 1 1 1 1 1 1 0 0 
The assignment of customers to facilities: 
21 10 7 3 20 8 13 18 21 1 26 13 24 21 5 23 13 8 7 5 21 27 27 7 5 22 20 8 5 6 4 13 11 9 4 21 27 21 7 5 11 19 15 10 4 7 20 8 5 7 22 13 8 7 13 21 27 8 3 25 22 13 8 7 9 4 17 22 9 3 8 22 18 21 4 10 12 8 7 7 11 13 10 10 4 21 27 24 11 5 4 13 8 9 4 26 13 24 21 5 4 17 17 9 3 22 20 8 25 5 10 20 8 5 7 22 27 8 7 5 27 20 8 5 12 22 20 8 13 26 10 13 8 7 7 21 27 8 25 25 8 13 18 10 4 22 20 8 15 25 
----------------------------
P35: 总的开销：18867
Status of facilities: 
0 1 0 1 1 1 1 1 1 1 1 1 1 1 0 1 0 1 1 1 1 1 1 1 1 1 1 1 0 0 
The assignment of customers to facilities: 
21 10 7 3 20 8 13 18 21 1 26 13 24 21 5 23 13 8 7 5 21 27 27 7 5 22 20 8 5 6 4 13 11 9 4 21 27 21 7 5 11 19 15 10 4 7 20 8 5 7 22 13 8 7 13 21 27 8 3 25 22 13 8 7 9 4 17 22 9 3 8 22 18 21 4 10 12 8 7 7 11 13 10 10 4 21 27 24 11 5 4 13 8 9 4 26 13 24 21 5 4 17 17 9 3 22 20 8 25 5 10 20 8 5 7 22 27 8 7 5 27 20 8 5 12 22 20 8 13 26 10 13 8 7 7 21 27 8 25 25 8 13 18 10 4 22 20 8 15 25 
----------------------------
P36: 总的开销：23667
Status of facilities: 
0 1 0 1 1 1 1 1 1 1 1 1 1 1 0 1 0 1 1 1 1 1 1 1 1 1 1 1 0 0 
The assignment of customers to facilities: 
21 10 7 3 20 8 13 18 21 1 26 13 24 21 5 23 13 8 7 5 21 27 27 7 5 22 20 8 5 6 4 13 11 9 4 21 27 21 7 5 11 19 15 10 4 7 20 8 5 7 22 13 8 7 13 21 27 8 3 25 22 13 8 7 9 4 17 22 9 3 8 22 18 21 4 10 12 8 7 7 11 13 10 10 4 21 27 24 11 5 4 13 8 9 4 26 13 24 21 5 4 17 17 9 3 22 20 8 25 5 10 20 8 5 7 22 27 8 7 5 27 20 8 5 12 22 20 8 13 26 10 13 8 7 7 21 27 8 25 25 8 13 18 10 4 22 20 8 15 25 
----------------------------
P37: 总的开销：16597
Status of facilities: 
0 1 0 1 1 1 1 1 1 1 1 1 1 1 0 1 0 1 1 1 1 1 1 1 1 1 1 1 0 0 
The assignment of customers to facilities: 
21 10 7 3 20 8 13 18 21 1 26 13 24 21 5 23 13 8 7 5 21 27 27 7 5 22 20 8 5 6 4 13 11 9 4 21 27 21 7 5 11 19 15 10 4 7 20 8 5 7 22 13 8 7 13 21 27 8 3 25 22 13 8 7 9 4 17 22 9 3 8 22 18 21 4 10 12 8 7 7 11 13 10 10 4 21 27 24 11 5 4 13 8 9 4 26 13 24 21 5 4 17 17 9 3 22 20 8 25 5 10 20 8 5 7 22 27 8 7 5 27 20 8 5 12 22 20 8 13 26 10 13 8 7 7 21 27 8 25 25 8 13 18 10 4 22 20 8 15 25 
----------------------------
P38: 总的开销：14067
Status of facilities: 
0 1 0 1 1 1 1 1 1 1 1 1 1 1 0 1 0 1 1 1 1 1 1 1 1 1 1 1 0 0 
The assignment of customers to facilities: 
21 10 7 3 20 8 13 18 21 1 26 13 24 21 5 23 13 8 7 5 21 27 27 7 5 22 20 8 5 6 4 13 11 9 4 21 27 21 7 5 11 19 15 10 4 7 20 8 5 7 22 13 8 7 13 21 27 8 3 25 22 13 8 7 9 4 17 22 9 3 8 22 18 21 4 10 12 8 7 7 11 13 10 10 4 21 27 24 11 5 4 13 8 9 4 26 13 24 21 5 4 17 17 9 3 22 20 8 25 5 10 20 8 5 7 22 27 8 7 5 27 20 8 5 12 22 20 8 13 26 10 13 8 7 7 21 27 8 25 25 8 13 18 10 4 22 20 8 15 25 
----------------------------
P39: 总的开销：18867
Status of facilities: 
0 1 0 1 1 1 1 1 1 1 1 1 1 1 0 1 0 1 1 1 1 1 1 1 1 1 1 1 0 0 
The assignment of customers to facilities: 
21 10 7 3 20 8 13 18 21 1 26 13 24 21 5 23 13 8 7 5 21 27 27 7 5 22 20 8 5 6 4 13 11 9 4 21 27 21 7 5 11 19 15 10 4 7 20 8 5 7 22 13 8 7 13 21 27 8 3 25 22 13 8 7 9 4 17 22 9 3 8 22 18 21 4 10 12 8 7 7 11 13 10 10 4 21 27 24 11 5 4 13 8 9 4 26 13 24 21 5 4 17 17 9 3 22 20 8 25 5 10 20 8 5 7 22 27 8 7 5 27 20 8 5 12 22 20 8 13 26 10 13 8 7 7 21 27 8 25 25 8 13 18 10 4 22 20 8 15 25 
----------------------------
P40: 总的开销：23667
Status of facilities: 
0 1 0 1 1 1 1 1 1 1 1 1 1 1 0 1 0 1 1 1 1 1 1 1 1 1 1 1 0 0 
The assignment of customers to facilities: 
21 10 7 3 20 8 13 18 21 1 26 13 24 21 5 23 13 8 7 5 21 27 27 7 5 22 20 8 5 6 4 13 11 9 4 21 27 21 7 5 11 19 15 10 4 7 20 8 5 7 22 13 8 7 13 21 27 8 3 25 22 13 8 7 9 4 17 22 9 3 8 22 18 21 4 10 12 8 7 7 11 13 10 10 4 21 27 24 11 5 4 13 8 9 4 26 13 24 21 5 4 17 17 9 3 22 20 8 25 5 10 20 8 5 7 22 27 8 7 5 27 20 8 5 12 22 20 8 13 26 10 13 8 7 7 21 27 8 25 25 8 13 18 10 4 22 20 8 15 25 
----------------------------
P41: 总的开销：8853
Status of facilities: 
1 1 1 1 1 1 1 1 1 1 
The assignment of customers to facilities: 
2 8 8 1 6 8 4 3 0 3 9 1 8 9 1 2 2 6 4 2 0 6 0 6 6 7 1 7 7 9 4 3 7 3 4 0 2 0 7 1 9 0 9 2 0 0 0 5 1 5 7 3 9 0 3 9 0 7 8 1 5 8 6 4 6 5 5 7 5 3 5 0 8 8 9 0 6 7 3 9 3 5 4 5 5 7 4 6 6 7 
----------------------------
P42: 总的开销：10681
Status of facilities: 
1 1 1 1 1 1 1 1 1 1 1 1 1 1 1 1 1 1 1 1 
The assignment of customers to facilities: 
16 17 0 6 9 19 0 6 17 8 16 5 2 6 2 5 7 9 2 2 3 0 5 4 12 12 9 12 9 10 12 6 11 13 6 11 3 2 4 4 1 15 18 10 2 6 4 4 0 4 16 0 7 9 14 5 19 14 17 10 4 17 8 7 6 7 10 6 8 8 11 6 5 11 7 15 14 11 7 19 
----------------------------
P43: 总的开销：13592
Status of facilities: 
1 1 1 1 1 1 1 1 1 1 1 1 1 1 1 1 1 1 1 1 1 1 1 1 1 1 1 1 0 1 
The assignment of customers to facilities: 
20 21 18 22 16 21 18 12 16 10 20 29 20 4 27 24 29 16 1 6 10 13 22 19 10 22 29 9 18 11 22 13 8 15 5 17 8 22 26 25 14 8 14 23 11 14 6 13 17 7 20 15 2 7 1 3 3 13 14 0 26 11 6 26 12 7 22 18 16 29 
----------------------------
P44: 总的开销：12209
Status of facilities: 
1 1 1 1 1 1 1 1 1 1 
The assignment of customers to facilities: 
9 1 1 7 1 2 9 3 7 8 7 1 0 3 0 7 4 8 8 7 8 0 4 4 7 5 4 0 1 7 4 8 3 3 2 5 3 1 2 9 0 2 1 0 9 5 1 1 6 7 9 0 3 9 8 2 2 6 6 0 5 7 6 9 7 2 6 6 7 0 3 0 8 7 7 0 5 5 7 5 4 5 7 7 6 4 4 2 2 3 
----------------------------
P45: 总的开销：12949
Status of facilities: 
1 1 1 1 1 1 1 1 1 1 1 1 1 1 1 1 1 1 1 1 
The assignment of customers to facilities: 
6 19 15 2 8 19 4 9 18 0 0 1 19 0 1 5 17 6 2 7 0 12 16 17 14 19 17 9 7 0 7 19 17 0 10 16 19 0 19 1 7 0 18 9 17 8 12 16 17 7 3 7 8 0 11 12 17 14 16 14 9 19 17 2 1 14 5 17 17 14 12 13 9 19 14 10 1 19 15 10 
----------------------------
P46: 总的开销：14646
Status of facilities: 
1 1 1 1 1 1 1 1 1 1 1 1 1 1 1 0 1 1 1 1 1 1 1 1 1 1 1 1 1 1 
The assignment of customers to facilities: 
5 4 18 19 11 25 14 19 6 0 2 9 13 7 24 7 6 7 2 19 12 29 2 13 14 29 4 13 7 11 9 28 17 28 26 7 12 1 28 6 27 7 8 16 3 22 10 10 2 20 12 19 23 3 24 13 25 14 6 24 4 28 24 29 21 5 29 12 24 10 
----------------------------
P47: 总的开销：13994
Status of facilities: 
1 1 1 1 1 1 1 1 1 1 
The assignment of customers to facilities: 
2 8 0 8 1 9 7 9 7 9 6 6 1 6 9 7 9 8 8 9 3 8 6 9 7 9 0 8 7 7 1 6 2 1 7 0 8 7 1 9 0 6 1 7 0 3 7 7 5 7 0 0 1 0 3 7 1 6 0 5 6 7 0 3 7 2 6 7 4 5 2 7 3 7 2 6 3 5 7 7 7 4 2 2 6 3 5 7 6 5 
----------------------------
P48: 总的开销：13902
Status of facilities: 
1 1 1 1 1 1 1 0 0 1 1 1 1 1 1 1 1 0 1 1 
The assignment of customers to facilities: 
3 0 12 0 6 0 12 0 12 3 1 0 13 3 1 0 16 0 1 0 19 1 1 0 18 5 1 11 18 9 14 11 15 12 1 11 18 18 13 11 15 11 5 3 15 11 6 11 15 11 10 11 15 12 12 11 3 12 18 2 3 12 18 4 3 12 9 5 3 13 9 10 2 3 9 13 2 3 9 15 
----------------------------
P49: 总的开销：12846
Status of facilities: 
1 1 1 1 1 1 0 1 0 0 1 0 1 0 1 1 1 1 0 1 1 1 1 1 0 1 0 1 1 1 
The assignment of customers to facilities: 
0 22 12 1 25 5 12 10 22 22 1 29 1 12 14 3 27 0 2 14 0 22 5 29 3 29 15 7 28 0 23 12 1 23 7 28 4 2 19 1 28 0 27 14 23 25 12 17 7 27 20 0 28 3 28 14 2 27 0 23 10 3 21 3 29 4 23 16 5 29 
----------------------------
P50: 总的开销：10106
Status of facilities: 
1 1 1 1 1 1 1 1 1 1 
The assignment of customers to facilities: 
3 1 0 9 0 5 8 2 8 1 5 2 6 6 1 2 0 2 8 1 5 7 6 6 4 9 8 5 2 5 0 9 7 2 9 0 8 5 0 5 2 1 7 9 9 2 8 5 0 5 6 7 6 5 5 1 8 5 7 5 1 2 0 9 0 2 7 2 8 1 0 7 6 0 7 1 2 5 7 5 5 7 6 9 4 1 7 5 7 5 5 5 6 6 3 2 8 2 3 7 
----------------------------
P51: 总的开销：10778
Status of facilities: 
1 1 1 1 0 1 1 1 1 1 1 1 1 1 1 1 1 1 0 1 
The assignment of customers to facilities: 
1 19 12 13 11 9 6 11 8 9 6 6 11 8 7 11 7 12 19 8 5 6 12 8 8 6 15 11 8 7 1 19 16 12 11 0 6 11 9 7 6 6 11 8 7 0 6 11 8 7 3 19 15 12 8 5 7 17 15 15 5 6 19 0 3 5 16 19 0 10 11 19 14 19 11 0 12 10 9 0 7 6 19 0 2 0 7 9 15 0 5 16 19 0 11 2 13 9 17 0 
----------------------------
P52: 总的开销：15442
Status of facilities: 
1 1 1 1 1 1 1 1 1 1 
The assignment of customers to facilities: 
8 9 3 8 8 2 4 9 9 0 1 9 3 8 0 3 6 9 0 1 5 1 3 8 5 4 7 9 9 7 5 2 3 6 6 2 4 3 1 7 5 3 3 8 6 2 4 2 1 7 5 7 3 2 7 5 2 0 4 4 2 1 3 6 3 3 0 0 0 2 7 3 3 6 5 4 7 2 7 7 5 7 3 2 8 5 5 3 2 0 5 7 7 2 0 5 6 0 4 4 
----------------------------
P53: 总的开销：14432
Status of facilities: 
1 1 1 1 1 1 0 1 1 1 1 1 1 1 1 1 0 1 1 1 
The assignment of customers to facilities: 
19 3 12 4 9 8 3 11 13 9 19 3 15 1 14 19 3 11 13 9 8 3 11 4 9 5 18 5 7 19 13 3 12 17 17 13 3 12 8 9 19 3 15 19 11 19 11 15 1 14 11 3 12 8 17 19 3 15 19 10 19 0 8 5 2 19 3 8 5 2 1 18 13 19 0 19 3 15 2 4 1 18 14 7 19 19 18 13 10 12 2 18 1 0 0 13 3 12 4 9 
----------------------------
P54: 总的开销：15881
Status of facilities: 
1 1 1 1 1 1 1 1 1 1 
The assignment of customers to facilities: 
4 9 0 9 2 4 4 8 9 0 9 9 3 9 2 1 6 4 9 0 9 0 2 5 2 1 6 4 8 0 4 0 3 5 8 1 6 4 8 0 4 0 2 3 2 1 4 4 5 0 4 0 0 3 2 4 6 3 8 0 4 6 3 4 2 4 7 1 8 7 4 2 2 3 2 1 6 4 8 8 4 6 3 3 2 8 6 4 5 7 4 3 2 3 2 4 6 4 5 5 
----------------------------
P55: 总的开销：14078
Status of facilities: 
1 0 1 1 1 1 1 1 1 1 1 1 0 1 1 1 0 0 1 1 
The assignment of customers to facilities: 
19 19 9 6 9 19 0 2 6 9 9 2 2 14 10 19 0 2 4 9 4 2 2 14 10 4 2 2 6 8 19 3 11 6 9 19 19 18 7 9 13 2 2 14 18 19 19 2 18 9 19 19 0 8 9 19 19 0 5 9 19 6 6 6 9 19 19 2 4 5 19 3 11 6 10 4 2 2 4 5 4 2 2 14 10 0 2 2 14 15 0 2 2 14 15 19 19 0 8 10 
----------------------------
P56: 总的开销：28184
Status of facilities: 
1 1 1 1 1 1 1 1 1 1 1 1 1 1 1 1 1 1 1 1 1 1 1 1 1 1 1 1 1 1 
The assignment of customers to facilities: 
19 20 1 15 9 3 8 3 6 25 9 4 10 14 9 2 7 16 16 20 16 16 4 19 17 8 7 0 3 16 4 5 7 3 2 16 7 24 24 10 1 12 12 1 3 22 12 5 22 19 17 14 24 4 17 4 5 5 14 15 17 27 13 25 15 21 5 14 9 10 18 3 2 8 5 15 16 11 3 14 5 25 11 23 20 5 15 2 24 15 9 29 0 27 29 17 20 29 11 3 6 9 19 11 27 7 1 23 13 9 25 1 29 21 7 17 18 8 11 18 0 10 10 13 28 15 21 20 8 2 23 12 12 9 16 26 5 23 14 1 2 17 19 11 6 19 11 8 18 9 8 11 5 22 4 25 0 24 12 17 23 8 19 17 26 0 2 5 29 23 2 14 24 20 23 10 2 14 27 4 26 4 28 22 28 15 29 1 28 29 16 8 26 20 8 10 4 1 27 8 
----------------------------
P57: 总的开销：37184
Status of facilities: 
1 1 1 1 1 1 1 1 1 1 1 1 1 1 1 1 1 1 1 1 1 1 1 1 1 1 1 1 1 1 
The assignment of customers to facilities: 
19 20 1 15 9 3 8 3 6 25 9 4 10 14 9 2 7 16 16 20 16 16 4 19 17 8 7 0 3 16 4 5 7 3 2 16 7 24 24 10 1 12 12 1 3 22 12 5 22 19 17 14 24 4 17 4 5 5 14 15 17 27 13 25 15 21 5 14 9 10 18 3 2 8 5 15 16 11 3 14 5 25 11 23 20 5 15 2 24 15 9 29 0 27 29 17 20 29 11 3 6 9 19 11 27 7 1 23 13 9 25 1 29 21 7 17 18 8 11 18 0 10 10 13 28 15 21 20 8 2 23 12 12 9 16 26 5 23 14 1 2 17 19 11 6 19 11 8 18 9 8 11 5 22 4 25 0 24 12 17 23 8 19 17 26 0 2 5 29 23 2 14 24 20 23 10 2 14 27 4 26 4 28 22 28 15 29 1 28 29 16 8 26 20 8 10 4 1 27 8 
----------------------------
P58: 总的开销：58184
Status of facilities: 
1 1 1 1 1 1 1 1 1 1 1 1 1 1 1 1 1 1 1 1 1 1 1 1 1 1 1 1 1 1 
The assignment of customers to facilities: 
19 20 1 15 9 3 8 3 6 25 9 4 10 14 9 2 7 16 16 20 16 16 4 19 17 8 7 0 3 16 4 5 7 3 2 16 7 24 24 10 1 12 12 1 3 22 12 5 22 19 17 14 24 4 17 4 5 5 14 15 17 27 13 25 15 21 5 14 9 10 18 3 2 8 5 15 16 11 3 14 5 25 11 23 20 5 15 2 24 15 9 29 0 27 29 17 20 29 11 3 6 9 19 11 27 7 1 23 13 9 25 1 29 21 7 17 18 8 11 18 0 10 10 13 28 15 21 20 8 2 23 12 12 9 16 26 5 23 14 1 2 17 19 11 6 19 11 8 18 9 8 11 5 22 4 25 0 24 12 17 23 8 19 17 26 0 2 5 29 23 2 14 24 20 23 10 2 14 27 4 26 4 28 22 28 15 29 1 28 29 16 8 26 20 8 10 4 1 27 8 
----------------------------
P59: 总的开销：43423
Status of facilities: 
1 1 1 1 1 1 1 1 1 1 1 1 1 1 1 1 1 1 1 1 1 1 1 1 1 1 1 1 1 1 
The assignment of customers to facilities: 
19 20 1 15 9 3 8 3 6 25 9 4 10 14 9 2 7 16 16 20 16 16 4 19 17 8 7 0 3 16 4 5 7 3 2 16 7 24 24 10 1 12 12 1 3 22 12 5 22 19 17 14 24 4 17 4 5 5 14 15 17 27 13 25 15 21 5 14 9 10 18 3 2 8 5 15 16 11 3 14 5 25 11 23 20 5 15 2 24 15 9 29 0 27 29 17 20 29 11 3 6 9 19 11 27 7 1 23 13 9 25 1 29 21 7 17 18 8 11 18 0 10 10 13 28 15 21 20 8 2 23 12 12 9 16 26 5 23 14 1 2 17 19 11 6 19 11 8 18 9 8 11 5 22 4 25 0 24 12 17 23 8 19 17 26 0 2 5 29 23 2 14 24 20 23 10 2 14 27 4 26 4 28 22 28 15 29 1 28 29 16 8 26 20 8 10 4 1 27 8 
----------------------------
P60: 总的开销：28184
Status of facilities: 
1 1 1 1 1 1 1 1 1 1 1 1 1 1 1 1 1 1 1 1 1 1 1 1 1 1 1 1 1 1 
The assignment of customers to facilities: 
19 20 1 15 9 3 8 3 6 25 9 4 10 14 9 2 7 16 16 20 16 16 4 19 17 8 7 0 3 16 4 5 7 3 2 16 7 24 24 10 1 12 12 1 3 22 12 5 22 19 17 14 24 4 17 4 5 5 14 15 17 27 13 25 15 21 5 14 9 10 18 3 2 8 5 15 16 11 3 14 5 25 11 23 20 5 15 2 24 15 9 29 0 27 29 17 20 29 11 3 6 9 19 11 27 7 1 23 13 9 25 1 29 21 7 17 18 8 11 18 0 10 10 13 28 15 21 20 8 2 23 12 12 9 16 26 5 23 14 1 2 17 19 11 6 19 11 8 18 9 8 11 5 22 4 25 0 24 12 17 23 8 19 17 26 0 2 5 29 23 2 14 24 20 23 10 2 14 27 4 26 4 28 22 28 15 29 1 28 29 16 8 26 20 8 10 4 1 27 8 
----------------------------
P61: 总的开销：37184
Status of facilities: 
1 1 1 1 1 1 1 1 1 1 1 1 1 1 1 1 1 1 1 1 1 1 1 1 1 1 1 1 1 1 
The assignment of customers to facilities: 
19 20 1 15 9 3 8 3 6 25 9 4 10 14 9 2 7 16 16 20 16 16 4 19 17 8 7 0 3 16 4 5 7 3 2 16 7 24 24 10 1 12 12 1 3 22 12 5 22 19 17 14 24 4 17 4 5 5 14 15 17 27 13 25 15 21 5 14 9 10 18 3 2 8 5 15 16 11 3 14 5 25 11 23 20 5 15 2 24 15 9 29 0 27 29 17 20 29 11 3 6 9 19 11 27 7 1 23 13 9 25 1 29 21 7 17 18 8 11 18 0 10 10 13 28 15 21 20 8 2 23 12 12 9 16 26 5 23 14 1 2 17 19 11 6 19 11 8 18 9 8 11 5 22 4 25 0 24 12 17 23 8 19 17 26 0 2 5 29 23 2 14 24 20 23 10 2 14 27 4 26 4 28 22 28 15 29 1 28 29 16 8 26 20 8 10 4 1 27 8 
----------------------------
P62: 总的开销：58184
Status of facilities: 
1 1 1 1 1 1 1 1 1 1 1 1 1 1 1 1 1 1 1 1 1 1 1 1 1 1 1 1 1 1 
The assignment of customers to facilities: 
19 20 1 15 9 3 8 3 6 25 9 4 10 14 9 2 7 16 16 20 16 16 4 19 17 8 7 0 3 16 4 5 7 3 2 16 7 24 24 10 1 12 12 1 3 22 12 5 22 19 17 14 24 4 17 4 5 5 14 15 17 27 13 25 15 21 5 14 9 10 18 3 2 8 5 15 16 11 3 14 5 25 11 23 20 5 15 2 24 15 9 29 0 27 29 17 20 29 11 3 6 9 19 11 27 7 1 23 13 9 25 1 29 21 7 17 18 8 11 18 0 10 10 13 28 15 21 20 8 2 23 12 12 9 16 26 5 23 14 1 2 17 19 11 6 19 11 8 18 9 8 11 5 22 4 25 0 24 12 17 23 8 19 17 26 0 2 5 29 23 2 14 24 20 23 10 2 14 27 4 26 4 28 22 28 15 29 1 28 29 16 8 26 20 8 10 4 1 27 8 
----------------------------
P63: 总的开销：43423
Status of facilities: 
1 1 1 1 1 1 1 1 1 1 1 1 1 1 1 1 1 1 1 1 1 1 1 1 1 1 1 1 1 1 
The assignment of customers to facilities: 
19 20 1 15 9 3 8 3 6 25 9 4 10 14 9 2 7 16 16 20 16 16 4 19 17 8 7 0 3 16 4 5 7 3 2 16 7 24 24 10 1 12 12 1 3 22 12 5 22 19 17 14 24 4 17 4 5 5 14 15 17 27 13 25 15 21 5 14 9 10 18 3 2 8 5 15 16 11 3 14 5 25 11 23 20 5 15 2 24 15 9 29 0 27 29 17 20 29 11 3 6 9 19 11 27 7 1 23 13 9 25 1 29 21 7 17 18 8 11 18 0 10 10 13 28 15 21 20 8 2 23 12 12 9 16 26 5 23 14 1 2 17 19 11 6 19 11 8 18 9 8 11 5 22 4 25 0 24 12 17 23 8 19 17 26 0 2 5 29 23 2 14 24 20 23 10 2 14 27 4 26 4 28 22 28 15 29 1 28 29 16 8 26 20 8 10 4 1 27 8 
----------------------------
P64: 总的开销：28184
Status of facilities: 
1 1 1 1 1 1 1 1 1 1 1 1 1 1 1 1 1 1 1 1 1 1 1 1 1 1 1 1 1 1 
The assignment of customers to facilities: 
19 20 1 15 9 3 8 3 6 25 9 4 10 14 9 2 7 16 16 20 16 16 4 19 17 8 7 0 3 16 4 5 7 3 2 16 7 24 24 10 1 12 12 1 3 22 12 5 22 19 17 14 24 4 17 4 5 5 14 15 17 27 13 25 15 21 5 14 9 10 18 3 2 8 5 15 16 11 3 14 5 25 11 23 20 5 15 2 24 15 9 29 0 27 29 17 20 29 11 3 6 9 19 11 27 7 1 23 13 9 25 1 29 21 7 17 18 8 11 18 0 10 10 13 28 15 21 20 8 2 23 12 12 9 16 26 5 23 14 1 2 17 19 11 6 19 11 8 18 9 8 11 5 22 4 25 0 24 12 17 23 8 19 17 26 0 2 5 29 23 2 14 24 20 23 10 2 14 27 4 26 4 28 22 28 15 29 1 28 29 16 8 26 20 8 10 4 1 27 8 
----------------------------
P65: 总的开销：37184
Status of facilities: 
1 1 1 1 1 1 1 1 1 1 1 1 1 1 1 1 1 1 1 1 1 1 1 1 1 1 1 1 1 1 
The assignment of customers to facilities: 
19 20 1 15 9 3 8 3 6 25 9 4 10 14 9 2 7 16 16 20 16 16 4 19 17 8 7 0 3 16 4 5 7 3 2 16 7 24 24 10 1 12 12 1 3 22 12 5 22 19 17 14 24 4 17 4 5 5 14 15 17 27 13 25 15 21 5 14 9 10 18 3 2 8 5 15 16 11 3 14 5 25 11 23 20 5 15 2 24 15 9 29 0 27 29 17 20 29 11 3 6 9 19 11 27 7 1 23 13 9 25 1 29 21 7 17 18 8 11 18 0 10 10 13 28 15 21 20 8 2 23 12 12 9 16 26 5 23 14 1 2 17 19 11 6 19 11 8 18 9 8 11 5 22 4 25 0 24 12 17 23 8 19 17 26 0 2 5 29 23 2 14 24 20 23 10 2 14 27 4 26 4 28 22 28 15 29 1 28 29 16 8 26 20 8 10 4 1 27 8 
----------------------------
P66: 总的开销：58184
Status of facilities: 
1 1 1 1 1 1 1 1 1 1 1 1 1 1 1 1 1 1 1 1 1 1 1 1 1 1 1 1 1 1 
The assignment of customers to facilities: 
19 20 1 15 9 3 8 3 6 25 9 4 10 14 9 2 7 16 16 20 16 16 4 19 17 8 7 0 3 16 4 5 7 3 2 16 7 24 24 10 1 12 12 1 3 22 12 5 22 19 17 14 24 4 17 4 5 5 14 15 17 27 13 25 15 21 5 14 9 10 18 3 2 8 5 15 16 11 3 14 5 25 11 23 20 5 15 2 24 15 9 29 0 27 29 17 20 29 11 3 6 9 19 11 27 7 1 23 13 9 25 1 29 21 7 17 18 8 11 18 0 10 10 13 28 15 21 20 8 2 23 12 12 9 16 26 5 23 14 1 2 17 19 11 6 19 11 8 18 9 8 11 5 22 4 25 0 24 12 17 23 8 19 17 26 0 2 5 29 23 2 14 24 20 23 10 2 14 27 4 26 4 28 22 28 15 29 1 28 29 16 8 26 20 8 10 4 1 27 8 
----------------------------
P67: 总的开销：43802
Status of facilities: 
1 1 1 1 1 1 1 1 1 1 1 1 1 1 1 1 1 1 1 1 1 1 1 1 1 1 1 1 1 1 
The assignment of customers to facilities: 
19 20 1 8 9 3 8 3 24 5 9 4 10 14 9 2 7 16 16 20 16 16 4 19 17 8 21 0 3 16 4 5 7 3 2 16 7 24 24 10 1 12 12 1 3 22 12 5 22 19 17 14 24 4 17 4 2 5 14 15 17 27 22 25 15 21 5 14 9 10 18 3 2 8 22 15 12 11 3 14 5 25 11 23 20 5 15 2 24 15 9 29 0 27 29 17 20 29 11 3 6 9 19 11 27 7 1 23 13 9 25 17 29 1 7 17 18 8 11 18 0 10 10 13 28 15 21 20 8 2 23 21 12 9 16 26 5 23 14 1 2 17 19 11 6 19 11 8 11 9 8 11 5 22 4 25 0 24 12 17 23 8 19 17 26 0 2 5 29 23 2 14 24 20 23 23 2 14 27 4 26 4 28 22 28 15 29 1 28 29 16 8 26 20 8 10 4 1 27 8 
----------------------------
P68: 总的开销：28184
Status of facilities: 
1 1 1 1 1 1 1 1 1 1 1 1 1 1 1 1 1 1 1 1 1 1 1 1 1 1 1 1 1 1 
The assignment of customers to facilities: 
19 20 1 15 9 3 8 3 6 25 9 4 10 14 9 2 7 16 16 20 16 16 4 19 17 8 7 0 3 16 4 5 7 3 2 16 7 24 24 10 1 12 12 1 3 22 12 5 22 19 17 14 24 4 17 4 5 5 14 15 17 27 13 25 15 21 5 14 9 10 18 3 2 8 5 15 16 11 3 14 5 25 11 23 20 5 15 2 24 15 9 29 0 27 29 17 20 29 11 3 6 9 19 11 27 7 1 23 13 9 25 1 29 21 7 17 18 8 11 18 0 10 10 13 28 15 21 20 8 2 23 12 12 9 16 26 5 23 14 1 2 17 19 11 6 19 11 8 18 9 8 11 5 22 4 25 0 24 12 17 23 8 19 17 26 0 2 5 29 23 2 14 24 20 23 10 2 14 27 4 26 4 28 22 28 15 29 1 28 29 16 8 26 20 8 10 4 1 27 8 
----------------------------
P69: 总的开销：37184
Status of facilities: 
1 1 1 1 1 1 1 1 1 1 1 1 1 1 1 1 1 1 1 1 1 1 1 1 1 1 1 1 1 1 
The assignment of customers to facilities: 
19 20 1 15 9 3 8 3 6 25 9 4 10 14 9 2 7 16 16 20 16 16 4 19 17 8 7 0 3 16 4 5 7 3 2 16 7 24 24 10 1 12 12 1 3 22 12 5 22 19 17 14 24 4 17 4 5 5 14 15 17 27 13 25 15 21 5 14 9 10 18 3 2 8 5 15 16 11 3 14 5 25 11 23 20 5 15 2 24 15 9 29 0 27 29 17 20 29 11 3 6 9 19 11 27 7 1 23 13 9 25 1 29 21 7 17 18 8 11 18 0 10 10 13 28 15 21 20 8 2 23 12 12 9 16 26 5 23 14 1 2 17 19 11 6 19 11 8 18 9 8 11 5 22 4 25 0 24 12 17 23 8 19 17 26 0 2 5 29 23 2 14 24 20 23 10 2 14 27 4 26 4 28 22 28 15 29 1 28 29 16 8 26 20 8 10 4 1 27 8 
----------------------------
P70: 总的开销：58184
Status of facilities: 
1 1 1 1 1 1 1 1 1 1 1 1 1 1 1 1 1 1 1 1 1 1 1 1 1 1 1 1 1 1 
The assignment of customers to facilities: 
19 20 1 15 9 3 8 3 6 25 9 4 10 14 9 2 7 16 16 20 16 16 4 19 17 8 7 0 3 16 4 5 7 3 2 16 7 24 24 10 1 12 12 1 3 22 12 5 22 19 17 14 24 4 17 4 5 5 14 15 17 27 13 25 15 21 5 14 9 10 18 3 2 8 5 15 16 11 3 14 5 25 11 23 20 5 15 2 24 15 9 29 0 27 29 17 20 29 11 3 6 9 19 11 27 7 1 23 13 9 25 1 29 21 7 17 18 8 11 18 0 10 10 13 28 15 21 20 8 2 23 12 12 9 16 26 5 23 14 1 2 17 19 11 6 19 11 8 18 9 8 11 5 22 4 25 0 24 12 17 23 8 19 17 26 0 2 5 29 23 2 14 24 20 23 10 2 14 27 4 26 4 28 22 28 15 29 1 28 29 16 8 26 20 8 10 4 1 27 8 
----------------------------
P71: 总的开销：43423
Status of facilities: 
1 1 1 1 1 1 1 1 1 1 1 1 1 1 1 1 1 1 1 1 1 1 1 1 1 1 1 1 1 1 
The assignment of customers to facilities: 
19 20 1 15 9 3 8 3 6 25 9 4 10 14 9 2 7 16 16 20 16 16 4 19 17 8 7 0 3 16 4 5 7 3 2 16 7 24 24 10 1 12 12 1 3 22 12 5 22 19 17 14 24 4 17 4 5 5 14 15 17 27 13 25 15 21 5 14 9 10 18 3 2 8 5 15 16 11 3 14 5 25 11 23 20 5 15 2 24 15 9 29 0 27 29 17 20 29 11 3 6 9 19 11 27 7 1 23 13 9 25 1 29 21 7 17 18 8 11 18 0 10 10 13 28 15 21 20 8 2 23 12 12 9 16 26 5 23 14 1 2 17 19 11 6 19 11 8 18 9 8 11 5 22 4 25 0 24 12 17 23 8 19 17 26 0 2 5 29 23 2 14 24 20 23 10 2 14 27 4 26 4 28 22 28 15 29 1 28 29 16 8 26 20 8 10 4 1 27 8 
----------------------------
