----------------------------
--------  SA算法   ---------
----------------------------
P1: 总的开销：9959
Status of facilities: 
1 0 1 1 0 1 1 1 1 1 
The assignment of customers to facilities: 
5 7 8 2 9 9 5 6 3 2 6 3 0 0 6 9 5 0 3 9 7 6 3 5 6 9 5 7 0 3 3 8 2 0 3 7 9 3 6 8 5 7 8 8 5 7 0 2 5 6 
----------------------------
P2: 总的开销：8917
Status of facilities: 
1 0 1 1 1 1 1 1 1 1 
The assignment of customers to facilities: 
5 7 8 2 9 9 5 6 3 2 6 3 4 0 6 4 5 0 3 9 7 6 3 5 6 9 5 7 0 3 3 8 2 0 3 7 9 3 6 4 5 7 8 8 5 7 0 2 4 6 
----------------------------
P3: 总的开销：10335
Status of facilities: 
1 0 1 1 0 1 1 1 1 0 
The assignment of customers to facilities: 
5 7 8 2 7 2 5 6 3 2 6 3 0 0 6 2 5 0 3 0 7 6 3 5 6 2 5 7 0 3 3 8 2 0 3 7 6 3 6 8 5 7 8 8 5 7 0 2 5 6 
----------------------------
P4: 总的开销：11719
Status of facilities: 
1 0 0 1 0 1 1 1 1 1 
The assignment of customers to facilities: 
5 7 8 3 9 9 5 6 7 0 6 6 0 0 6 9 5 0 3 9 7 6 3 5 6 9 5 7 0 3 3 8 5 0 3 7 9 3 6 8 5 7 8 8 5 7 0 3 5 6 
----------------------------
P5: 总的开销：9966
Status of facilities: 
0 1 1 1 0 1 1 1 1 1 
The assignment of customers to facilities: 
5 7 8 2 9 9 5 6 3 2 6 3 3 9 6 9 2 6 7 9 7 6 3 5 6 9 5 7 3 3 3 8 2 1 3 7 9 3 6 8 5 7 8 8 1 7 8 2 5 6 
----------------------------
P6: 总的开销：8955
Status of facilities: 
1 0 1 1 1 1 1 1 1 0 
The assignment of customers to facilities: 
5 7 8 2 7 2 5 6 7 2 6 3 4 0 6 4 2 0 3 0 7 6 3 5 6 2 5 7 0 3 3 8 2 0 3 7 6 3 6 4 5 7 8 8 5 7 0 2 4 6 
----------------------------
P7: 总的开销：10584
Status of facilities: 
1 0 1 1 0 1 1 1 1 1 
The assignment of customers to facilities: 
5 7 8 2 9 9 5 6 3 2 6 3 0 0 6 9 5 0 7 9 7 6 3 5 6 9 8 7 0 3 3 8 2 0 3 7 9 3 6 8 5 7 8 8 5 7 0 2 5 6 
----------------------------
P8: 总的开销：12139
Status of facilities: 
1 0 1 1 1 1 1 1 1 0 
The assignment of customers to facilities: 
5 7 8 2 7 2 5 6 7 2 6 3 4 0 6 4 5 0 3 0 7 6 3 5 6 2 8 7 0 3 3 8 2 0 3 7 6 3 6 4 5 7 8 8 5 7 0 2 4 6 
----------------------------
P9: 总的开销：9905
Status of facilities: 
0 1 1 1 0 1 1 1 1 1 
The assignment of customers to facilities: 
5 7 8 2 9 9 5 6 3 2 6 3 3 9 6 9 5 6 3 9 7 6 3 5 6 9 5 7 3 3 3 8 2 1 3 7 9 3 6 8 5 7 8 8 1 7 8 2 5 6 
----------------------------
P10: 总的开销：8848
Status of facilities: 
0 0 1 1 1 1 1 1 1 1 
The assignment of customers to facilities: 
5 7 8 2 9 9 5 6 3 2 6 3 4 9 6 4 5 6 3 9 7 6 3 5 6 9 5 7 3 3 3 8 2 4 3 7 9 3 6 4 5 7 8 8 5 7 8 2 4 6 
----------------------------
P11: 总的开销：10392
Status of facilities: 
0 0 1 1 0 1 1 1 1 1 
The assignment of customers to facilities: 
5 7 8 2 9 9 5 6 3 2 6 3 3 9 6 9 5 6 3 9 7 6 3 5 6 9 5 7 3 3 3 8 2 9 3 7 9 3 6 8 5 7 8 8 5 7 8 2 5 6 
----------------------------
P12: 总的开销：11363
Status of facilities: 
1 0 0 1 0 1 1 0 1 1 
The assignment of customers to facilities: 
5 5 8 8 9 9 5 6 3 0 6 3 0 0 6 9 5 0 3 9 8 6 3 5 6 9 5 9 0 3 3 8 5 0 3 8 9 3 6 8 5 3 8 8 5 3 0 3 5 6 
----------------------------
P13: 总的开销：9436
Status of facilities: 
1 1 0 0 0 0 1 0 1 1 0 0 1 0 1 1 1 1 0 0 
The assignment of customers to facilities: 
0 6 1 15 8 14 12 8 17 14 9 9 8 6 12 17 15 0 12 1 15 16 9 9 14 17 15 16 17 6 1 0 17 6 0 8 0 6 12 1 0 6 16 17 6 14 12 14 1 8 
----------------------------
P14: 总的开销：7978
Status of facilities: 
1 0 0 0 1 0 1 0 0 0 0 0 0 1 1 1 0 1 1 1 
The assignment of customers to facilities: 
0 6 14 18 4 14 19 18 18 4 18 18 17 6 15 13 4 0 0 13 15 14 4 14 19 17 15 19 17 6 4 0 17 4 0 15 0 6 6 15 0 6 19 19 4 4 17 14 13 18 
----------------------------
P15: 总的开销：9815
Status of facilities: 
1 1 0 0 1 0 1 1 0 0 0 1 0 0 1 0 0 1 0 1 
The assignment of customers to facilities: 
0 6 1 17 7 14 19 11 17 4 11 7 17 6 11 19 4 0 0 1 19 14 4 14 19 17 4 7 17 6 1 0 17 4 0 17 0 6 11 1 0 6 19 19 4 7 17 14 1 7 
----------------------------
P16: 总的开销：11423
Status of facilities: 
1 1 0 0 1 0 1 1 1 0 0 0 0 0 0 1 0 1 0 0 
The assignment of customers to facilities: 
0 6 1 15 7 7 17 8 17 4 6 7 8 6 15 17 4 0 0 1 15 4 4 7 17 17 15 7 17 6 1 0 17 4 0 8 0 6 6 1 0 6 1 17 4 7 17 15 15 8 
----------------------------
P17: 总的开销：9043
Status of facilities: 
1 0 0 0 0 1 1 0 1 1 0 0 1 1 1 1 0 0 0 0 
The assignment of customers to facilities: 
0 13 14 15 8 14 12 8 5 6 9 5 8 6 12 13 15 0 12 13 15 14 9 9 14 13 15 0 5 6 8 0 6 13 0 8 0 6 6 15 0 13 14 15 6 5 12 14 13 8 
----------------------------
P18: 总的开销：8035
Status of facilities: 
1 1 0 0 1 1 1 1 0 0 0 1 0 0 1 1 0 1 0 1 
The assignment of customers to facilities: 
0 6 1 15 7 14 19 11 5 4 11 5 17 6 15 19 4 0 0 1 15 14 4 14 19 17 15 7 5 6 1 0 17 4 0 1 0 6 11 1 0 6 19 19 4 5 17 14 1 7 
----------------------------
P19: 总的开销：10522
Status of facilities: 
0 0 0 0 1 0 1 0 0 1 1 1 0 0 0 1 0 1 0 1 
The assignment of customers to facilities: 
10 6 11 15 4 11 10 11 17 4 11 9 17 6 15 19 4 9 6 17 19 4 4 9 19 17 15 11 17 6 15 17 17 4 9 17 11 6 11 15 10 6 19 19 6 4 17 15 15 4 
----------------------------
P20: 总的开销：12057
Status of facilities: 
1 1 0 0 0 0 1 1 0 1 0 0 1 0 0 0 1 1 0 0 
The assignment of customers to facilities: 
0 6 1 17 7 7 12 16 17 6 9 7 17 6 12 17 16 0 12 1 1 16 9 9 17 17 0 7 17 6 1 0 17 12 0 1 0 6 12 1 0 6 16 17 6 7 12 16 1 7 
----------------------------
P21: 总的开销：8840
Status of facilities: 
1 1 0 0 1 1 1 0 1 0 0 0 0 0 1 1 0 1 0 0 
The assignment of customers to facilities: 
0 6 1 15 4 14 17 8 5 4 6 5 8 6 15 17 4 0 0 1 15 14 4 14 14 17 15 0 5 6 1 0 17 4 0 8 0 6 6 1 0 6 1 17 4 5 17 14 1 8 
----------------------------
P22: 总的开销：8164
Status of facilities: 
1 0 0 0 1 1 1 1 0 0 0 1 0 0 0 1 0 1 0 1 
The assignment of customers to facilities: 
0 6 11 15 7 7 19 11 5 4 11 5 17 6 15 19 4 0 0 17 15 4 4 5 19 17 15 7 5 6 4 0 17 4 0 15 0 6 11 15 0 6 19 19 4 5 17 5 15 7 
----------------------------
P23: 总的开销：9498
Status of facilities: 
1 1 0 0 1 0 1 0 0 0 0 0 1 0 1 0 0 1 1 0 
The assignment of customers to facilities: 
0 6 1 18 4 14 12 18 18 4 18 18 17 6 12 17 4 0 12 1 1 14 4 14 14 17 4 0 17 6 1 0 17 4 0 1 0 6 6 1 0 6 1 17 4 4 12 14 1 18 
----------------------------
P24: 总的开销：11922
Status of facilities: 
0 0 0 0 0 0 1 0 1 0 0 0 0 0 1 1 1 1 1 0 
The assignment of customers to facilities: 
16 6 14 18 8 14 18 8 18 14 18 18 8 6 15 17 15 18 6 16 15 16 18 14 14 17 15 16 17 14 8 8 17 6 15 8 8 6 6 16 16 6 16 17 6 14 17 14 15 8 
----------------------------
P25: 总的开销：12589
Status of facilities: 
0 0 0 0 1 1 0 1 1 1 1 0 0 1 0 0 0 0 1 0 0 1 1 0 0 1 0 1 0 0 
The assignment of customers to facilities: 
21 10 8 25 5 8 13 18 21 13 8 13 18 21 5 8 13 8 25 5 21 27 27 7 5 22 27 8 5 25 4 13 10 9 4 21 27 8 7 5 4 13 18 10 4 10 27 8 5 7 22 13 8 7 13 21 27 8 13 25 22 13 8 7 9 4 13 22 9 4 8 22 18 21 4 10 7 8 7 7 4 13 10 10 4 21 27 27 7 5 4 13 8 9 4 8 13 18 21 5 4 13 22 9 4 22 27 8 25 5 10 27 8 5 7 22 27 8 25 5 27 7 8 5 7 22 27 8 13 25 10 13 8 7 7 21 27 8 25 25 8 13 18 10 4 22 27 8 25 25 
----------------------------
P26: 总的开销：11046
Status of facilities: 
0 0 0 0 1 1 0 1 1 1 1 1 0 1 0 0 0 0 1 0 1 0 1 0 0 1 0 0 0 0 
The assignment of customers to facilities: 
22 10 8 25 20 8 13 18 7 13 8 13 18 7 5 8 13 8 7 5 22 8 8 25 5 22 20 8 5 25 4 13 11 9 4 22 20 8 11 5 11 13 18 10 4 10 20 8 5 7 22 13 8 7 13 22 18 8 13 11 22 13 8 7 9 4 13 22 9 4 8 22 18 18 4 10 7 8 7 7 11 13 10 10 4 8 10 8 11 5 4 13 8 9 4 8 13 18 7 5 4 13 22 9 4 22 20 8 25 5 10 20 8 5 13 22 8 8 25 5 7 20 8 5 7 22 20 8 13 25 10 13 8 7 7 22 18 8 25 25 8 13 18 10 4 22 20 8 25 25 
----------------------------
P27: 总的开销：13742
Status of facilities: 
0 0 0 0 1 1 0 1 1 1 1 0 0 1 0 0 0 0 1 0 1 1 1 0 0 1 0 1 0 0 
The assignment of customers to facilities: 
21 10 8 25 20 8 13 18 21 13 8 13 18 21 5 8 13 8 7 5 21 27 27 25 5 22 20 8 5 25 4 13 10 9 4 21 27 8 25 5 4 13 18 10 4 7 20 8 5 13 22 13 8 7 13 21 27 8 13 25 22 13 8 7 9 4 13 22 9 4 8 22 18 21 4 10 7 8 7 7 4 13 10 10 4 21 27 8 7 5 4 13 8 9 4 8 13 18 21 5 4 13 22 9 4 22 20 8 25 5 10 20 8 5 7 22 27 8 7 5 27 20 8 5 7 22 20 8 13 25 10 13 8 7 7 21 18 8 25 25 8 13 18 10 4 22 20 8 25 25 
----------------------------
P28: 总的开销：15709
Status of facilities: 
0 0 0 0 1 1 0 1 1 1 1 0 0 1 0 0 0 0 1 0 1 1 1 0 0 1 0 0 0 0 
The assignment of customers to facilities: 
21 10 8 25 20 8 13 18 21 13 8 13 18 21 5 8 13 8 7 5 21 8 8 25 5 22 20 8 5 25 4 13 10 9 4 21 20 8 25 5 4 13 18 10 4 10 20 8 5 7 22 13 8 7 13 21 18 8 13 25 22 13 8 7 9 4 13 22 9 4 8 22 18 21 4 10 7 8 7 7 4 13 10 10 4 21 10 8 7 5 4 13 8 9 4 8 13 18 21 5 4 13 22 9 4 22 20 8 25 5 10 20 8 5 7 22 8 8 7 5 7 20 8 5 7 22 20 8 13 25 10 13 8 7 7 21 18 8 25 25 8 13 18 10 4 22 20 8 25 25 
----------------------------
P29: 总的开销：13581
Status of facilities: 
0 0 0 0 1 1 0 1 1 1 1 1 0 1 0 0 1 0 1 0 1 1 1 0 1 0 0 1 0 0 
The assignment of customers to facilities: 
21 10 7 16 20 8 13 18 21 9 20 13 24 21 5 8 27 18 7 5 21 27 27 7 5 22 20 8 5 27 4 13 11 9 4 21 27 21 16 5 11 13 18 10 4 10 20 16 5 7 22 13 8 7 13 21 27 8 13 11 22 13 8 7 9 4 13 22 9 4 8 22 18 21 4 10 7 8 7 7 11 13 10 10 4 21 27 24 11 5 4 13 8 9 4 8 27 24 21 5 4 13 22 9 4 22 20 8 7 5 10 20 16 5 7 22 27 8 7 5 27 20 16 5 7 22 20 8 13 11 10 13 8 7 7 21 27 8 7 11 8 13 18 10 4 22 20 8 5 11 
----------------------------
P30: 总的开销：11485
Status of facilities: 
0 0 0 0 1 1 0 1 1 1 1 0 0 1 0 0 0 0 1 0 1 1 1 0 1 1 0 1 0 0 
The assignment of customers to facilities: 
21 10 7 25 20 8 13 18 21 13 20 13 24 21 5 8 27 18 7 5 21 27 27 7 5 22 20 8 5 25 4 24 10 9 4 21 27 21 7 5 4 13 18 10 4 10 20 8 5 7 22 13 8 7 13 21 27 8 13 25 22 13 8 7 9 4 13 22 9 4 20 22 18 21 4 10 7 8 7 7 4 13 10 10 4 21 27 24 7 5 4 13 8 9 4 20 13 24 21 5 4 5 22 9 4 22 20 8 25 5 10 20 8 5 7 22 27 8 7 5 27 20 8 5 7 22 20 9 13 25 10 13 8 7 7 21 18 8 25 25 8 13 18 10 4 22 20 8 25 25 
----------------------------
P31: 总的开销：14878
Status of facilities: 
0 0 1 0 0 1 0 1 1 1 1 0 0 1 1 0 1 0 1 0 1 1 1 0 0 1 0 0 0 0 
The assignment of customers to facilities: 
21 10 7 7 20 8 13 18 21 9 20 13 18 21 5 14 16 18 7 5 21 8 8 7 5 22 20 8 5 25 2 13 10 9 14 21 20 21 16 5 25 13 18 10 21 10 20 8 5 7 22 13 8 7 13 21 18 8 13 25 22 13 8 7 9 2 2 22 9 14 20 22 18 21 14 10 7 8 7 7 2 13 10 10 14 21 10 21 2 5 2 13 8 9 14 20 13 18 21 5 2 13 22 9 21 22 20 8 25 5 10 20 8 5 7 22 8 8 7 5 7 20 8 5 7 22 20 8 13 25 10 13 16 7 7 21 18 9 25 25 8 13 18 10 14 22 20 8 25 25 
----------------------------
P32: 总的开销：17224
Status of facilities: 
0 0 0 0 1 1 0 1 1 1 1 1 0 1 0 0 1 0 1 0 0 1 1 0 1 0 0 1 0 0 
The assignment of customers to facilities: 
21 10 21 16 5 8 21 18 21 9 8 13 24 21 5 21 13 8 7 5 21 27 27 7 5 22 27 8 5 27 4 13 11 9 4 21 27 21 16 5 11 13 18 10 4 10 27 8 5 7 22 13 8 7 13 21 27 5 13 11 22 13 8 7 9 4 13 22 9 4 8 22 18 21 4 10 7 8 7 7 11 13 10 10 4 21 27 24 11 5 4 13 8 9 4 8 13 24 21 5 4 13 22 9 4 22 27 8 7 5 10 27 16 5 7 22 27 8 7 5 27 27 8 5 7 22 27 9 7 11 10 13 16 7 7 21 27 8 7 11 8 13 18 10 4 22 27 8 5 11 
----------------------------
P33: 总的开销：12730
Status of facilities: 
0 0 0 0 1 1 0 1 1 1 1 0 0 1 0 0 1 0 1 0 1 1 1 0 1 0 0 0 0 0 
The assignment of customers to facilities: 
21 10 7 7 20 8 13 18 21 13 8 13 24 21 5 8 13 8 7 5 21 16 8 7 5 22 20 8 5 9 4 13 10 9 4 21 20 21 7 5 4 13 18 10 4 7 20 8 5 7 22 13 8 7 13 21 18 5 13 5 22 13 8 7 9 4 13 22 9 4 8 22 18 21 4 10 7 8 7 7 4 13 10 10 4 21 10 24 7 5 4 13 8 9 4 8 13 24 21 5 4 13 22 9 4 22 20 8 8 5 10 20 16 5 7 22 8 8 7 5 7 20 8 5 7 22 20 8 13 5 10 13 16 7 7 21 18 8 7 5 8 13 18 10 4 22 20 8 5 5 
----------------------------
P34: 总的开销：11345
Status of facilities: 
0 0 0 0 1 1 0 1 1 1 1 1 0 1 0 0 0 0 1 0 1 1 1 0 1 0 0 1 0 0 
The assignment of customers to facilities: 
21 10 7 7 20 8 13 18 21 13 8 13 24 21 5 8 13 18 7 5 21 27 27 7 5 22 20 8 5 27 4 13 11 9 4 21 27 21 7 5 11 13 18 10 4 7 20 8 5 7 22 13 8 7 13 21 27 8 13 11 22 13 8 7 9 4 13 22 9 4 8 22 18 21 4 10 7 8 7 7 11 13 10 10 4 21 27 24 11 5 4 13 8 9 4 8 13 24 21 5 4 13 22 9 4 22 20 8 8 5 10 20 8 5 7 22 27 8 7 5 27 20 8 5 7 22 20 8 13 11 10 13 8 7 7 21 18 8 7 11 8 13 18 10 4 22 20 8 5 11 
----------------------------
P35: 总的开销：12949
Status of facilities: 
0 0 0 0 1 1 0 1 1 1 1 0 0 1 0 0 0 0 1 0 1 1 0 0 0 1 0 0 0 0 
The assignment of customers to facilities: 
21 10 7 7 20 8 13 18 21 13 8 13 18 21 5 21 13 8 7 5 21 8 8 7 5 10 20 8 5 25 4 13 10 9 4 21 20 21 7 5 4 13 18 10 4 7 20 9 5 7 10 13 8 7 13 21 18 8 13 25 10 13 8 7 9 4 13 10 9 4 8 13 18 21 4 10 7 8 7 7 4 13 10 10 4 21 10 21 7 5 4 13 8 9 4 20 13 18 21 5 4 13 10 9 4 10 20 8 25 5 10 20 8 5 7 10 8 8 7 5 7 20 8 5 7 21 20 8 13 25 10 13 8 7 7 21 18 8 25 25 8 13 18 10 4 10 20 8 25 25 
----------------------------
P36: 总的开销：16300
Status of facilities: 
0 0 0 0 1 1 0 1 1 1 1 1 0 1 0 0 0 0 1 0 1 1 1 0 0 0 0 1 0 0 
The assignment of customers to facilities: 
21 10 7 7 20 8 13 18 21 13 8 13 18 21 5 8 13 8 7 5 21 27 27 7 5 22 20 8 5 27 4 13 11 9 4 21 27 21 7 5 11 13 18 10 4 7 20 8 5 7 22 13 8 7 13 21 27 8 13 11 22 13 8 7 9 4 13 22 9 4 8 22 18 21 4 10 7 8 7 7 11 13 10 10 4 21 27 27 11 5 4 13 8 9 4 20 13 18 21 5 4 13 22 9 4 22 20 8 8 5 10 20 8 5 7 22 27 8 7 5 27 20 8 5 7 22 20 8 13 11 10 13 8 7 7 21 27 8 7 11 8 13 18 10 4 22 20 9 5 11 
----------------------------
P37: 总的开销：12319
Status of facilities: 
0 0 0 0 1 1 0 1 1 1 1 1 0 1 0 0 0 0 1 0 1 1 1 0 0 0 0 0 0 0 
The assignment of customers to facilities: 
21 10 7 7 20 8 13 18 21 13 8 13 18 21 5 8 13 8 7 5 21 8 8 7 5 22 20 8 5 9 4 13 11 9 4 21 20 21 7 5 11 13 18 10 4 7 20 8 5 7 22 13 8 7 13 21 18 8 13 11 22 13 8 7 9 4 13 22 9 4 8 22 18 21 4 10 7 8 7 7 11 13 10 10 4 21 10 8 11 5 4 13 8 9 4 8 13 18 21 5 4 13 22 9 4 22 20 8 8 5 10 20 8 5 7 22 8 8 7 5 7 20 8 5 7 22 20 8 13 11 10 13 8 7 7 21 18 8 7 11 8 13 18 10 4 22 20 8 5 11 
----------------------------
P38: 总的开销：11068
Status of facilities: 
0 0 0 0 1 1 0 1 1 1 1 1 0 1 0 0 0 0 1 0 1 1 1 0 0 0 0 1 0 0 
The assignment of customers to facilities: 
21 10 7 7 20 8 13 18 21 13 8 13 18 21 5 8 13 8 7 5 21 27 27 7 5 22 20 8 5 27 4 13 11 9 4 21 27 8 7 5 11 13 18 10 4 7 20 8 5 7 22 13 8 7 13 21 27 8 13 11 22 13 8 7 9 4 13 22 9 4 8 22 18 21 4 10 7 8 7 7 11 13 10 10 4 21 27 27 11 5 4 13 8 9 4 8 13 18 21 5 4 13 22 9 4 22 20 8 8 5 10 20 8 5 7 22 27 8 7 5 27 20 8 5 7 22 20 8 13 11 10 13 8 7 7 21 18 8 7 11 8 13 18 10 4 22 20 8 5 11 
----------------------------
P39: 总的开销：14221
Status of facilities: 
0 0 0 0 1 1 0 1 1 1 1 1 0 1 0 0 0 0 0 0 1 1 1 0 1 1 0 1 0 0 
The assignment of customers to facilities: 
21 10 7 7 20 8 13 8 21 13 8 13 24 21 5 8 13 8 7 5 21 27 8 7 5 22 20 8 5 25 4 13 11 9 4 21 27 8 7 5 11 13 10 10 4 7 20 8 5 7 22 13 8 7 13 21 27 8 13 11 22 13 8 7 9 4 13 22 9 4 8 22 24 21 4 10 7 8 7 7 11 13 10 10 4 21 27 24 11 5 4 13 8 9 4 8 13 24 21 5 4 13 22 9 4 22 20 8 25 5 10 20 8 5 7 22 27 8 7 5 27 20 8 5 7 22 20 8 13 25 10 13 8 7 7 21 27 8 25 25 8 13 10 10 4 22 20 8 25 25 
----------------------------
P40: 总的开销：17405
Status of facilities: 
0 1 1 0 0 1 0 1 1 1 1 0 0 1 0 0 0 0 1 0 0 1 1 0 1 1 0 1 0 0 
The assignment of customers to facilities: 
21 10 7 7 5 8 13 18 21 1 8 13 24 21 5 8 13 8 7 5 21 27 27 7 5 22 27 8 5 25 2 13 10 9 1 21 27 8 7 5 25 13 18 10 21 7 27 8 5 7 22 13 8 7 13 21 27 8 13 25 22 13 8 7 9 2 13 22 9 1 8 22 18 21 1 10 7 8 7 7 2 13 10 10 1 21 27 24 2 5 2 13 8 9 1 8 13 24 21 5 13 13 22 9 1 22 27 8 25 5 10 27 8 5 7 22 27 8 7 5 27 7 8 5 7 22 27 8 13 25 10 13 8 7 7 21 18 8 25 25 8 13 18 10 1 22 27 8 25 25 
----------------------------
P41: 总的开销：8745
Status of facilities: 
1 1 1 1 1 1 1 1 1 1 
The assignment of customers to facilities: 
2 8 8 1 6 8 4 3 0 3 9 3 8 9 1 2 2 6 4 2 0 6 0 6 6 7 9 7 7 9 4 3 7 3 4 0 2 0 7 1 9 0 9 2 0 0 0 5 1 5 7 3 9 0 1 9 0 7 8 1 5 8 6 4 6 5 5 1 5 3 5 5 8 7 8 0 6 8 3 9 0 5 1 5 5 0 4 5 6 6 
----------------------------
P42: 总的开销：7563
Status of facilities: 
0 1 1 1 0 0 0 1 1 1 1 1 0 0 0 0 0 1 0 1 
The assignment of customers to facilities: 
9 17 8 7 9 19 10 7 17 8 2 3 2 9 2 3 7 9 2 2 3 2 19 1 11 11 9 9 9 10 10 7 11 3 3 11 3 2 17 1 1 11 17 10 2 1 1 1 8 7 3 11 7 9 2 2 19 3 17 10 11 17 8 7 8 7 10 11 8 8 11 3 11 11 7 17 11 11 7 19 
----------------------------
P43: 总的开销：6426
Status of facilities: 
0 0 1 0 0 0 1 0 1 0 0 0 1 1 0 0 1 0 0 0 0 0 1 1 0 0 0 0 1 0 
The assignment of customers to facilities: 
22 22 13 22 16 22 22 12 16 28 8 23 16 23 2 23 28 16 12 6 16 13 22 13 8 22 28 13 8 23 22 13 8 2 6 2 8 22 13 8 13 8 2 23 28 2 6 13 16 16 8 23 2 23 23 22 8 13 16 16 2 2 6 8 12 6 22 16 16 23 
----------------------------
P44: 总的开销：12006
Status of facilities: 
1 1 1 1 1 1 1 1 1 1 
The assignment of customers to facilities: 
9 5 1 7 1 2 4 3 7 8 7 0 0 3 0 7 4 8 8 7 5 0 4 4 7 5 4 0 1 7 4 8 3 3 2 5 3 1 1 9 0 2 1 0 9 5 1 1 6 7 9 0 8 9 8 2 2 6 6 1 5 7 6 9 9 1 6 6 7 0 3 0 8 7 9 0 5 5 7 5 4 1 7 7 6 9 8 2 2 3 
----------------------------
P45: 总的开销：9511
Status of facilities: 
1 1 0 0 0 0 0 1 1 0 0 0 1 0 1 0 1 1 1 1 
The assignment of customers to facilities: 
1 19 8 12 8 19 17 19 18 0 0 1 17 0 1 0 17 8 12 7 0 17 16 17 14 19 17 19 7 0 7 19 17 0 12 16 18 0 19 1 7 0 18 18 17 8 12 16 17 7 12 7 8 0 14 19 17 14 16 14 14 19 17 19 1 14 16 17 17 14 12 16 8 19 14 19 1 19 14 17 
----------------------------
P46: 总的开销：8190
Status of facilities: 
1 1 0 1 0 1 0 0 0 1 0 0 1 0 1 0 1 0 0 1 0 1 0 1 0 0 0 0 0 0 
The assignment of customers to facilities: 
5 23 19 19 19 5 14 19 5 0 1 9 16 19 23 14 5 9 1 19 12 0 3 14 14 0 1 3 19 16 9 12 1 9 5 12 12 1 12 0 16 19 19 16 3 21 19 0 21 19 12 19 23 3 1 3 16 14 5 16 9 9 5 23 21 5 19 12 21 0 
----------------------------
P47: 总的开销：12889
Status of facilities: 
1 1 1 0 0 1 1 1 1 1 
The assignment of customers to facilities: 
2 7 0 8 6 7 7 9 7 9 6 6 1 6 9 7 9 9 8 9 1 8 6 9 7 9 0 9 7 8 2 6 2 1 9 0 8 7 7 7 2 6 0 7 0 2 7 7 5 7 2 6 1 0 2 7 0 6 1 8 6 7 0 2 7 0 6 8 5 5 0 0 2 7 0 6 1 5 7 7 0 1 0 0 8 1 5 7 8 5 
----------------------------
P48: 总的开销：10538
Status of facilities: 
1 1 0 1 0 0 1 0 0 1 0 1 1 0 0 0 1 0 1 0 
The assignment of customers to facilities: 
3 3 12 0 6 0 12 0 12 3 12 18 11 3 1 0 16 0 1 0 18 3 1 0 18 6 1 0 18 9 1 0 18 12 1 0 18 18 0 0 18 11 3 3 18 11 6 11 16 11 11 11 16 11 12 11 3 11 18 3 3 11 18 1 3 12 9 6 1 12 9 9 1 0 9 16 1 0 9 18 
----------------------------
P49: 总的开销：7997
Status of facilities: 
1 1 1 0 0 0 0 0 1 0 0 0 0 0 1 0 0 0 0 0 0 0 1 0 1 0 0 1 1 0 
The assignment of customers to facilities: 
2 22 14 1 24 8 28 8 22 22 0 28 1 28 14 22 27 1 2 24 0 22 2 27 2 27 14 0 27 0 24 8 1 22 2 28 2 2 24 1 28 0 27 14 24 22 1 22 2 27 24 0 28 0 28 14 2 27 0 22 8 8 22 0 28 8 22 14 0 27 
----------------------------
P50: 总的开销：8665
Status of facilities: 
1 1 1 0 0 1 1 1 1 1 
The assignment of customers to facilities: 
1 1 0 9 0 5 8 2 8 1 5 2 6 6 1 2 0 2 8 1 5 7 6 6 5 9 8 5 2 5 0 9 7 2 9 0 8 5 0 5 2 1 7 2 9 2 7 5 7 5 6 7 6 5 5 1 8 5 7 5 1 2 0 9 0 2 8 2 8 1 0 7 6 0 9 1 8 5 7 5 0 7 6 9 9 2 8 5 7 5 5 2 6 6 1 2 0 2 6 1 
----------------------------
P51: 总的开销：8322
Status of facilities: 
1 0 0 0 0 1 1 1 1 1 0 1 1 0 0 1 1 1 0 0 
The assignment of customers to facilities: 
5 0 17 12 11 9 6 11 8 9 6 6 11 8 7 11 7 12 15 8 5 6 12 8 15 6 15 11 8 7 5 0 16 12 11 0 6 11 9 7 6 6 11 9 7 0 6 11 9 8 11 0 15 11 8 5 7 12 8 8 5 6 11 0 15 5 16 17 0 11 11 5 12 15 11 0 6 9 17 0 7 6 11 8 8 0 7 9 15 0 5 16 12 0 11 0 7 9 17 0 
----------------------------
P52: 总的开销：14646
Status of facilities: 
1 1 1 1 1 1 1 1 1 1 
The assignment of customers to facilities: 
8 3 3 6 6 2 4 9 1 0 5 3 3 6 0 3 6 9 0 2 5 3 3 6 5 4 7 9 7 7 8 2 3 6 6 1 4 3 6 7 8 3 3 8 6 2 4 2 1 7 8 9 3 2 9 5 1 9 4 4 2 1 3 6 3 3 0 1 0 2 7 3 3 8 5 4 7 2 7 9 8 9 3 2 8 5 5 3 2 0 8 9 7 1 9 5 6 9 4 4 
----------------------------
P53: 总的开销：12082
Status of facilities: 
1 1 0 1 1 0 0 0 0 1 0 1 1 1 0 1 0 1 0 1 
The assignment of customers to facilities: 
19 3 12 4 9 12 3 11 13 9 19 3 15 1 11 19 3 11 13 9 19 3 11 4 9 1 17 4 0 19 13 3 12 17 17 13 3 12 4 17 19 3 15 19 11 19 11 15 1 11 11 3 12 4 17 19 3 15 19 9 19 0 11 3 9 19 3 11 4 9 1 17 13 19 0 19 3 15 1 4 1 17 12 0 19 19 17 13 19 12 0 17 1 0 0 13 3 12 4 1 
----------------------------
P54: 总的开销：13600
Status of facilities: 
1 1 1 0 1 1 1 0 1 1 
The assignment of customers to facilities: 
4 9 2 9 2 4 4 6 5 0 4 9 2 5 2 1 6 4 8 0 8 6 2 5 2 1 6 4 8 0 4 6 6 5 6 0 6 4 8 0 4 0 2 9 2 4 4 4 5 0 4 0 2 5 2 4 6 1 8 0 4 9 2 9 0 4 8 1 8 0 4 0 2 5 2 1 6 4 8 0 4 9 2 9 2 1 6 4 8 0 4 0 2 5 2 1 6 4 8 5 
----------------------------
P55: 总的开销：11175
Status of facilities: 
1 0 1 0 1 0 1 0 1 1 1 0 0 0 1 0 0 0 0 1 
The assignment of customers to facilities: 
19 19 6 6 9 19 0 2 6 9 10 2 2 14 10 19 0 2 4 9 4 2 2 14 10 4 2 2 4 8 19 6 6 6 9 19 19 14 8 9 10 2 2 14 10 19 19 0 4 9 19 19 0 8 9 19 19 0 0 9 19 6 6 6 9 19 19 2 4 8 19 8 8 6 9 4 2 2 4 2 4 2 2 14 10 0 2 2 14 10 0 2 2 14 10 19 19 2 6 9 
----------------------------
P56: 总的开销：26669
Status of facilities: 
1 1 1 0 1 1 1 1 1 1 1 1 1 1 1 0 1 1 0 1 1 1 0 1 0 1 1 1 1 1 
The assignment of customers to facilities: 
19 20 1 8 9 26 8 6 6 25 9 4 10 14 9 2 7 16 16 20 16 16 4 19 17 8 7 0 20 16 4 5 7 14 2 16 7 16 26 10 1 12 12 1 20 5 12 5 19 19 17 14 26 4 17 4 5 5 14 1 17 27 13 25 0 21 5 14 9 10 29 9 2 8 0 6 16 11 2 14 5 25 11 23 20 5 4 2 6 5 9 29 0 27 29 17 20 29 11 7 6 9 19 11 27 7 1 23 13 9 25 1 29 21 7 17 20 8 11 2 0 10 10 13 28 11 21 20 8 2 23 12 12 9 16 26 5 23 14 1 2 17 19 11 6 19 11 8 11 9 8 11 5 27 4 25 0 23 12 17 23 8 19 17 26 0 2 5 29 23 2 14 26 20 23 10 2 14 27 4 26 4 28 17 28 11 29 1 28 29 16 8 26 20 8 10 4 1 27 8 
----------------------------
P57: 总的开销：33509
Status of facilities: 
1 1 1 1 1 1 0 1 1 1 1 1 1 0 1 1 1 1 0 1 1 0 1 1 1 1 0 0 1 1 
The assignment of customers to facilities: 
19 20 1 15 9 3 8 3 24 25 9 4 10 14 9 2 7 16 16 20 16 16 4 19 17 8 7 0 3 16 4 5 7 3 2 16 7 24 24 10 1 12 12 1 3 22 12 5 22 19 17 14 24 4 17 4 5 5 14 15 17 11 22 25 15 24 5 14 9 10 29 3 2 8 0 15 16 17 3 14 5 25 11 23 20 5 15 2 24 15 9 29 0 8 29 17 20 29 11 3 29 9 19 11 5 7 1 23 11 9 25 1 29 1 7 17 20 8 11 2 0 10 10 22 28 15 14 20 8 2 23 12 12 9 16 28 5 23 14 1 2 17 19 11 11 19 11 8 11 9 8 11 5 22 4 25 0 24 12 17 23 8 19 17 11 0 2 5 29 23 2 14 24 20 23 10 2 14 14 4 3 4 28 22 28 15 29 1 28 29 16 8 23 20 8 10 4 1 0 8 
----------------------------
P58: 总的开销：51695
Status of facilities: 
1 1 1 1 1 1 1 1 1 1 0 1 1 0 1 1 0 1 0 1 1 1 1 1 1 0 1 1 1 1 
The assignment of customers to facilities: 
19 20 1 15 9 3 8 3 6 5 9 4 0 14 9 2 7 21 23 20 12 14 4 19 17 8 7 0 3 14 4 5 7 3 2 24 7 24 24 0 1 12 12 1 3 22 12 5 22 19 17 14 24 4 17 4 5 5 14 15 17 27 22 29 15 21 5 14 9 15 29 3 2 8 0 15 22 11 3 14 5 12 11 23 20 5 15 2 24 15 9 29 0 27 29 17 20 29 11 3 6 9 19 11 27 7 1 23 11 9 7 1 29 21 7 17 20 8 11 2 0 28 29 22 28 15 21 20 8 2 23 12 12 9 17 26 5 23 14 1 2 17 19 11 6 19 11 8 11 9 8 11 5 22 4 24 0 24 12 17 23 8 19 17 26 0 2 5 29 23 2 14 24 20 23 23 2 14 27 4 26 4 28 22 28 15 29 1 28 29 0 8 26 20 8 22 4 1 27 8 
----------------------------
P59: 总的开销：37943
Status of facilities: 
0 1 1 1 1 1 1 1 0 1 1 1 1 0 1 1 1 1 0 1 1 0 1 0 1 1 0 1 1 1 
The assignment of customers to facilities: 
19 20 1 15 9 3 10 3 6 25 9 4 10 14 9 2 7 16 16 20 16 16 4 19 17 9 7 22 3 16 4 5 7 3 2 16 7 24 24 10 1 12 12 1 3 22 12 5 22 19 17 14 24 4 17 4 5 5 14 15 17 27 22 25 15 24 5 14 9 10 29 3 2 15 22 15 16 11 3 14 5 25 11 24 20 5 15 2 24 15 9 29 27 27 29 17 20 29 11 3 6 9 19 11 27 7 1 11 11 9 25 1 29 1 7 17 20 19 11 2 15 10 10 22 28 15 16 20 5 2 10 12 12 9 16 28 5 5 14 1 2 17 19 11 6 19 11 16 11 9 12 11 5 22 4 25 5 24 12 17 2 20 19 17 11 11 2 5 29 22 2 14 24 20 12 10 2 14 27 4 3 4 28 22 28 15 29 1 28 29 16 25 12 20 12 10 4 1 27 4 
----------------------------
P60: 总的开销：27070
Status of facilities: 
1 1 1 0 1 1 1 1 1 1 1 1 1 1 1 1 1 1 0 1 0 1 1 1 1 1 1 1 1 0 
The assignment of customers to facilities: 
19 22 1 15 9 26 8 6 6 25 9 4 10 14 9 2 7 16 16 5 16 16 4 19 17 8 7 0 5 16 4 5 7 14 2 16 7 24 24 10 1 12 12 1 22 22 12 5 22 19 17 14 24 4 17 4 5 5 14 15 17 27 13 25 15 21 5 14 9 10 19 9 2 8 5 15 16 11 15 14 5 25 11 23 12 5 15 2 24 15 9 7 0 27 7 17 2 8 11 7 6 9 19 11 27 7 1 23 13 9 25 1 9 21 7 17 1 8 11 2 0 10 10 13 28 15 21 21 8 2 23 12 12 9 16 26 5 23 14 1 2 17 19 11 6 19 11 8 11 9 8 11 5 22 4 25 0 24 12 17 23 8 19 17 26 0 2 5 19 23 2 14 24 4 23 10 2 14 27 4 26 4 28 22 28 15 27 1 28 26 16 8 26 9 8 10 4 1 27 8 
----------------------------
P61: 总的开销：33050
Status of facilities: 
1 0 1 1 1 1 0 0 1 1 1 1 1 0 0 1 1 1 1 1 1 0 1 1 1 1 0 1 1 1 
The assignment of customers to facilities: 
19 20 17 15 9 3 8 3 24 25 9 4 10 12 9 2 25 16 16 20 16 16 4 19 17 8 5 0 3 16 4 5 18 3 2 16 0 24 24 10 5 12 12 23 3 22 12 5 22 19 17 19 24 4 17 4 5 5 18 15 17 27 22 25 15 24 5 2 9 10 18 3 2 8 0 15 16 11 3 16 5 25 11 23 20 5 15 2 24 15 9 29 0 27 29 17 20 29 11 3 29 9 19 11 27 19 17 23 11 9 25 17 29 19 29 17 18 8 11 18 0 10 10 22 28 15 16 20 8 2 23 12 12 9 16 28 5 23 22 9 2 17 19 11 11 19 11 8 18 9 8 11 5 22 4 25 0 24 12 17 23 8 19 17 11 0 2 5 29 23 2 19 24 20 23 10 2 18 27 4 3 4 28 22 28 15 29 4 28 29 16 8 23 20 8 10 4 18 27 8 
----------------------------
P62: 总的开销：49258
Status of facilities: 
1 1 1 1 1 1 0 1 1 1 1 1 1 1 1 1 0 1 0 1 1 1 0 1 1 0 1 1 0 0 
The assignment of customers to facilities: 
19 20 1 15 9 3 8 3 24 5 9 4 10 14 9 2 7 21 23 20 13 14 4 19 17 8 7 0 3 14 4 5 7 3 2 24 7 24 24 10 1 12 12 1 3 5 12 5 19 19 17 14 24 4 17 4 5 5 14 15 17 27 13 20 15 21 5 14 9 10 19 3 2 8 0 15 13 11 3 14 5 12 11 23 20 5 15 2 24 15 9 7 0 27 7 17 20 8 11 3 2 9 19 11 27 7 1 23 13 9 7 1 9 21 7 17 20 8 11 2 0 10 10 13 1 15 21 20 8 2 23 12 12 9 17 26 5 23 14 1 2 17 19 11 11 19 11 8 11 9 8 11 5 27 4 24 0 24 12 17 23 8 19 17 26 0 2 5 19 23 2 14 24 20 23 10 2 14 27 4 26 4 19 17 21 15 27 1 8 20 0 8 26 20 8 10 4 1 27 8 
----------------------------
P63: 总的开销：38119
Status of facilities: 
1 1 1 1 1 1 1 1 1 1 1 1 1 1 1 1 1 1 0 1 0 0 0 1 1 0 0 1 1 1 
The assignment of customers to facilities: 
19 8 1 15 9 3 8 3 6 5 9 4 10 14 9 2 7 16 16 5 16 16 4 19 17 8 7 0 3 16 4 5 7 3 2 16 7 24 24 10 1 12 12 1 3 5 12 5 19 19 17 14 24 4 17 4 5 5 14 15 17 27 13 29 15 24 5 14 9 10 29 3 2 8 5 15 16 11 3 14 5 12 11 23 12 5 15 2 24 15 9 29 0 27 29 17 2 29 11 3 6 9 19 11 27 7 1 23 13 9 7 1 29 1 7 17 1 8 11 2 0 10 10 13 28 15 14 17 8 2 23 12 12 9 16 13 5 23 14 1 2 17 19 11 6 19 11 8 11 9 8 11 5 27 4 24 0 24 12 17 23 8 19 17 11 0 2 5 29 23 2 14 24 4 23 10 2 14 27 4 3 4 28 17 28 15 29 1 28 29 16 8 23 9 8 10 4 1 27 8 
----------------------------
P64: 总的开销：26320
Status of facilities: 
0 1 1 0 1 1 1 0 1 1 1 1 0 1 1 0 1 1 0 1 1 1 1 1 1 1 1 1 1 1 
The assignment of customers to facilities: 
19 20 1 8 9 26 8 6 6 25 9 4 10 14 9 2 14 16 16 20 16 16 4 19 17 8 21 22 20 16 4 5 14 14 2 16 14 24 24 10 1 25 26 1 22 22 20 5 22 19 17 14 24 4 17 4 5 5 14 1 17 27 13 25 4 21 5 14 9 10 29 9 2 8 5 6 16 11 2 14 5 25 11 23 20 5 4 2 24 5 9 29 27 27 29 17 20 29 11 9 6 9 19 11 27 19 1 23 13 9 25 1 29 21 29 17 20 8 11 2 20 10 10 13 28 11 21 20 8 2 23 8 23 9 16 26 5 23 14 1 2 17 19 11 6 19 11 8 11 9 8 11 5 22 4 25 5 24 22 17 23 8 19 17 26 13 2 5 29 23 2 14 24 20 23 10 2 14 27 4 26 4 28 22 28 11 29 1 28 29 16 8 26 20 8 10 4 1 27 8 
----------------------------
P65: 总的开销：33284
Status of facilities: 
1 1 1 0 1 1 1 0 1 1 1 1 1 0 1 1 1 1 0 1 1 0 1 1 1 1 0 1 1 1 
The assignment of customers to facilities: 
19 20 1 15 9 1 8 6 6 25 9 4 10 14 9 2 14 16 16 20 16 16 4 19 17 8 5 0 20 16 4 5 14 14 2 16 14 24 24 10 1 12 12 1 22 22 12 5 22 19 17 14 24 4 17 4 5 5 14 15 17 27 22 25 15 24 5 14 9 10 29 9 2 8 5 15 16 11 15 14 5 25 11 23 20 5 15 2 24 15 9 29 0 27 29 17 20 29 11 9 6 9 19 11 27 19 1 23 11 9 25 1 29 1 29 17 20 8 11 2 0 10 10 22 28 15 16 20 8 2 23 12 12 9 16 28 5 23 14 1 2 17 19 11 6 19 11 8 11 9 8 11 5 22 4 25 0 24 12 17 23 8 19 17 11 0 2 5 29 23 2 14 24 20 23 10 2 14 27 4 19 4 28 22 28 15 29 1 28 29 16 8 23 20 8 10 4 1 27 8 
----------------------------
P66: 总的开销：49220
Status of facilities: 
1 1 0 0 1 1 1 1 1 1 1 1 1 1 1 1 1 1 0 1 0 0 1 0 1 0 1 1 1 1 
The assignment of customers to facilities: 
19 22 1 15 9 26 8 6 6 5 9 4 10 14 9 11 7 16 16 5 16 16 4 19 17 8 7 0 5 16 4 5 7 14 9 16 7 24 24 10 1 12 12 1 22 22 12 5 22 19 17 14 24 4 17 4 5 5 14 15 17 27 13 29 15 24 5 14 9 10 29 9 19 8 0 15 16 11 15 14 5 12 11 24 12 5 15 7 24 15 9 29 0 27 29 17 0 29 11 7 6 9 19 11 27 7 1 11 13 9 7 1 29 1 7 17 1 8 11 6 0 10 10 13 28 15 14 17 8 16 10 12 12 9 16 26 5 5 14 1 6 17 19 11 6 19 11 8 11 9 8 11 5 22 4 24 0 24 12 17 26 8 19 17 26 0 9 5 29 22 17 14 24 4 12 10 24 14 27 4 26 4 28 22 28 15 29 1 28 29 16 8 26 9 8 10 4 1 27 8 
----------------------------
P67: 总的开销：39780
Status of facilities: 
1 1 1 1 1 1 1 1 1 1 1 1 1 0 0 1 1 1 0 1 0 0 1 1 1 1 1 1 1 1 
The assignment of customers to facilities: 
19 22 1 8 9 3 8 3 24 5 9 4 10 12 9 2 7 16 16 5 16 16 4 19 17 8 5 0 3 16 4 5 7 3 2 16 7 24 24 10 1 12 12 1 3 22 12 5 22 19 17 19 24 4 17 4 2 5 22 15 17 27 22 25 15 24 5 7 9 10 19 3 2 8 22 15 12 11 3 16 5 25 11 23 7 5 15 2 24 15 9 29 0 27 29 17 2 29 11 3 6 9 19 11 27 7 1 23 11 9 25 17 29 1 7 17 1 8 11 3 0 10 10 22 28 15 16 4 8 2 23 12 12 9 16 26 5 23 22 1 2 17 19 11 6 19 11 8 11 9 8 11 5 22 4 25 0 24 12 17 23 8 19 17 26 0 2 5 29 23 2 19 24 4 23 23 2 10 27 4 26 4 28 22 28 15 29 1 28 29 16 8 26 9 8 10 4 1 27 8 
----------------------------
P68: 总的开销：26182
Status of facilities: 
1 1 1 1 1 1 0 0 1 1 0 1 0 0 1 1 1 1 0 1 1 1 1 1 1 1 1 1 1 1 
The assignment of customers to facilities: 
19 20 1 15 9 3 8 3 24 25 9 4 0 14 9 2 14 16 16 20 16 16 4 19 17 8 21 0 3 16 4 5 14 3 2 16 14 24 24 0 1 25 26 1 3 22 3 5 22 19 17 14 24 4 17 4 5 5 14 15 17 27 22 25 15 21 5 14 9 15 29 3 2 8 0 15 16 11 3 14 5 25 11 23 20 5 15 2 24 15 9 29 0 27 29 17 20 29 11 3 29 9 19 11 27 19 1 23 11 9 25 1 29 21 29 17 20 8 11 2 0 28 29 22 28 15 21 20 8 2 23 8 23 9 16 26 5 23 14 1 2 17 19 11 11 19 11 8 11 9 8 11 5 22 4 25 0 24 22 17 23 8 19 17 26 0 2 5 29 23 2 14 24 20 23 23 2 14 27 4 26 4 28 22 28 15 29 1 28 29 16 8 26 20 8 22 4 1 27 8 
----------------------------
P69: 总的开销：32311
Status of facilities: 
1 1 1 0 1 1 0 1 1 1 1 1 1 0 1 1 1 0 0 0 0 1 1 1 1 1 1 1 0 0 
The assignment of customers to facilities: 
23 22 1 15 9 26 8 2 24 25 9 4 10 14 9 2 7 16 16 5 16 16 4 5 16 8 7 0 5 16 4 5 7 14 2 16 7 24 24 10 1 12 12 1 22 22 12 5 22 22 21 14 24 4 24 4 5 5 14 15 12 27 22 25 15 21 5 14 9 10 15 9 2 8 0 15 16 11 15 14 5 25 11 23 12 5 15 2 24 15 9 7 0 27 7 26 2 8 11 7 2 9 27 11 27 7 1 23 11 9 25 1 9 21 7 11 1 8 11 2 0 10 10 22 1 15 21 21 8 2 23 12 12 9 16 26 5 23 14 1 2 23 27 11 11 25 11 8 11 9 8 11 5 22 4 25 0 24 12 9 23 8 1 15 26 0 2 5 25 23 2 14 24 4 23 10 2 14 27 4 26 4 1 22 21 15 27 1 8 26 16 8 26 9 8 10 4 1 27 8 
----------------------------
P70: 总的开销：47676
Status of facilities: 
1 1 1 1 1 1 0 1 1 1 1 1 1 0 1 1 0 1 0 1 1 0 1 1 1 0 0 1 0 1 
The assignment of customers to facilities: 
19 20 1 15 9 3 8 3 24 5 9 4 10 14 9 2 7 19 23 20 12 14 4 19 17 8 7 0 3 14 4 5 7 3 2 24 7 24 24 10 1 12 12 1 3 22 12 5 22 19 17 14 24 4 17 4 5 5 14 15 17 27 22 29 15 24 5 14 9 10 29 3 2 8 0 15 12 11 3 14 5 12 11 23 20 5 15 2 24 15 9 29 0 27 29 17 20 29 11 3 29 9 19 11 27 7 1 23 11 9 7 1 29 1 7 17 20 8 11 2 0 10 10 22 1 15 14 20 8 2 23 12 12 9 17 4 5 23 14 1 2 17 19 11 11 19 11 8 11 9 8 11 5 22 4 24 0 24 12 17 23 8 19 17 11 0 2 5 29 23 2 14 24 20 23 10 2 14 27 4 3 4 19 22 10 15 29 1 8 29 0 8 23 20 8 10 4 1 27 8 
----------------------------
P71: 总的开销：38099
Status of facilities: 
1 1 1 1 1 1 0 0 1 1 1 1 1 1 1 0 1 1 0 1 1 0 1 1 1 1 0 1 1 1 
The assignment of customers to facilities: 
19 20 1 8 9 3 8 3 24 25 9 4 10 14 9 2 14 16 16 20 16 16 4 19 17 8 5 0 3 16 4 5 14 3 2 16 14 24 24 10 1 12 12 1 3 22 12 5 22 19 17 14 24 4 17 4 5 5 14 1 17 27 13 25 0 24 5 14 9 10 29 3 2 8 0 9 16 11 3 14 5 25 11 23 20 5 4 2 24 5 9 29 0 27 29 17 20 29 11 3 29 9 19 11 27 19 1 23 13 9 25 1 29 1 29 17 20 8 11 2 0 10 10 13 28 11 14 20 8 2 23 12 12 9 16 28 5 23 14 1 2 17 19 11 11 19 11 8 11 9 8 11 5 22 4 25 0 24 12 17 23 8 19 17 11 0 2 5 29 23 2 14 24 20 23 10 2 14 27 4 3 4 28 22 28 11 29 1 28 29 16 8 23 20 8 10 4 1 27 8 
----------------------------